0.00	65.51	39.57	62.63	144.81	65.46	706.65	74.00	59.80	115.47	124.38	112.53	84.79	74.21	93.10	127.75	122.12	95.22	180.69	111.49	85.34	106.27	123.84	103.72	74.25	85.72	92.03	134.29	83.10	112.94	73.55	73.51	96.04	96.86	76.11	93.27	149.65	146.96	69.47	223.86	74.16	106.75	64.02	132.80	111.69	74.06	103.95	68.28	120.05	133.12	84.26	227.92	120.49	59.77	60.17	87.73	112.50	65.97	59.43	147.22	131.05	113.72	64.04	101.88	43.13	56.12	87.85	92.54	81.71	99.70	150.26	83.91	114.96	126.71	140.97	143.77	87.86	65.49	142.85	121.06	134.90	76.43	76.47	60.04	117.44	77.19	82.04	176.93	134.73	80.41	60.38	145.36	122.04	136.68	122.26	151.27	133.01	143.59	66.47	146.08	93.90	156.48	162.78	83.73	143.38	66.32	85.18	93.79	145.34	156.13	146.29	151.84	100.13	145.19	116.27	124.25	123.95	108.32	80.78	120.74	121.28	78.52	117.28	77.97	38.51	136.20	73.18	131.30	53.63	133.97	68.36	81.99	71.77	80.59	60.56	66.44	173.86	117.87	35.66	86.62	164.73	175.48	81.18	53.53	74.16	108.64	347.88	79.13	88.20	78.06	105.11	83.95	155.48	132.91	84.24	82.60	169.88	73.76	143.18	88.60	115.12	135.27	155.25	129.09	144.43	80.66	78.24	171.05	66.65	144.49	121.78	134.34	131.63	70.96	58.06	98.84	82.81	131.70	92.81	151.94	90.14	31.25	70.96	119.77	77.99	153.46	86.69	89.66	80.17	112.77	75.84	138.97	96.17	131.11	81.46	129.53	76.01	77.20
65.51	0.00	75.64	59.94	142.17	51.55	661.63	83.73	51.08	101.29	80.49	103.10	86.03	76.94	111.42	141.32	98.83	68.45	198.09	113.42	80.31	109.51	142.28	108.03	108.61	98.21	100.04	157.51	102.21	107.49	104.10	77.21	98.71	103.85	111.91	117.11	170.60	163.63	48.32	169.98	85.70	132.93	68.10	136.77	118.72	86.62	109.72	83.93	86.49	155.25	73.72	181.27	100.92	60.87	100.05	73.68	93.65	71.82	66.58	126.86	115.62	127.71	78.43	66.63	78.39	92.07	67.87	99.44	88.40	103.46	165.81	116.63	135.52	137.38	166.24	145.73	113.50	77.17	139.09	140.26	134.33	108.72	114.70	50.93	122.10	116.57	74.68	197.89	131.75	115.83	97.35	169.39	140.96	129.53	136.42	162.52	156.16	169.85	102.46	172.78	114.02	175.51	180.60	111.38	169.80	107.32	101.52	114.22	154.33	180.38	161.47	167.77	105.68	142.61	137.44	147.54	147.05	131.61	120.01	143.49	143.04	118.47	139.83	116.70	93.89	165.94	69.11	132.93	74.35	129.64	75.43	120.74	89.39	95.27	94.07	101.99	194.29	121.44	64.68	89.00	183.73	144.23	118.64	84.78	112.54	129.12	306.25	109.03	32.79	108.65	105.11	118.52	180.80	159.86	86.56	121.93	187.42	99.90	145.97	106.36	133.46	133.59	173.97	126.46	141.18	104.80	79.30	188.53	71.19	142.70	122.47	153.11	154.61	91.06	62.41	93.03	114.58	147.73	111.39	177.34	75.34	67.22	70.19	127.51	76.33	180.22	101.12	118.51	85.19	124.59	84.46	161.13	96.82	124.48	100.87	156.19	112.86	91.35
39.57	75.64	0.00	66.58	165.44	72.89	703.99	43.04	62.90	103.33	112.26	94.37	65.29	57.65	55.92	118.58	104.61	79.83	160.82	117.67	99.61	119.22	132.84	71.55	56.12	49.50	58.25	96.56	73.34	109.37	42.82	44.99	66.14	63.36	69.02	55.58	135.56	132.17	91.29	220.05	42.13	114.25	39.25	150.60	126.53	76.77	105.67	35.65	111.02	135.86	58.44	217.80	133.49	44.56	27.84	84.79	116.61	74.18	78.03	142.95	127.12	113.71	94.19	105.42	40.29	21.06	93.93	95.01	78.27	65.86	137.61	89.64	115.05	140.62	139.55	156.68	91.86	87.49	162.61	82.09	152.18	62.11	69.89	65.38	133.92	60.27	58.29	158.06	154.12	52.90	61.79	151.70	139.68	147.08	135.40	138.95	95.08	140.55	33.69	144.71	56.14	141.70	145.75	54.85	144.38	55.67	47.36	54.93	134.47	143.41	132.29	136.95	115.98	166.02	77.35	85.92	85.89	70.81	79.47	82.36	82.65	73.32	78.94	62.85	53.44	140.59	76.15	150.82	61.08	155.22	46.95	83.57	49.82	80.44	59.43	66.01	155.29	123.55	42.67	56.71	148.72	166.33	87.21	45.51	81.90	69.52	339.87	44.03	90.30	84.05	118.58	84.60	139.22	139.92	50.93	82.73	150.60	64.79	133.33	61.26	75.83	155.47	138.91	149.07	164.77	47.55	77.42	152.47	47.31	165.37	142.40	150.41	93.57	47.37	62.15	120.79	81.34	95.20	56.72	147.08	113.05	65.37	40.89	139.55	46.62	157.14	48.86	94.24	103.84	129.72	96.54	147.80	109.96	149.66	43.18	135.85	65.81	41.89
62.63	59.94	66.58	0.00	113.39	72.84	691.66	77.31	64.32	106.46	96.08	103.24	56.92	44.30	89.13	104.36	110.45	78.84	173.29	76.06	40.57	62.62	97.06	102.60	92.29	82.18	91.54	141.17	104.49	119.70	94.75	63.25	86.73	95.32	108.32	97.10	141.18	133.43	77.79	202.39	66.46	97.04	58.12	98.21	76.76	40.57	53.06	62.15	88.13	130.88	69.15	200.91	132.97	53.01	86.85	92.48	119.64	85.48	77.68	147.46	86.57	82.62	64.86	91.56	76.29	82.48	88.58	98.84	96.65	95.16	139.39	87.06	82.38	93.59	142.26	139.80	92.08	45.94	109.54	126.42	97.45	100.07	110.52	32.09	86.08	108.53	59.39	171.90	100.48	103.96	82.14	127.15	125.32	88.56	92.78	138.09	140.71	145.97	85.16	150.96	93.13	149.26	154.05	78.85	148.66	97.09	87.18	99.26	127.91	154.50	132.29	140.01	71.46	113.81	120.50	132.62	131.18	114.22	112.93	128.13	127.65	108.05	123.32	107.96	92.08	142.85	19.36	99.48	33.19	102.49	49.59	110.89	62.09	57.82	90.99	97.96	168.17	75.89	46.79	80.64	158.91	166.54	98.99	71.31	95.57	114.14	333.12	92.06	77.54	95.35	68.26	106.61	148.33	122.13	76.64	117.64	160.03	85.58	96.07	67.44	119.65	104.76	144.75	99.07	112.33	75.35	29.08	162.68	73.11	114.38	93.48	142.60	139.22	55.28	13.13	71.46	114.23	137.66	91.49	155.51	72.87	71.22	68.66	87.26	67.82	162.34	87.59	89.83	63.68	94.58	51.15	118.63	56.56	94.13	88.04	116.63	104.03	72.46
144.81	142.17	165.44	113.39	0.00	152.90	724.89	183.11	150.56	200.09	187.41	194.03	154.99	143.67	186.31	149.67	199.17	178.12	228.15	90.99	83.59	74.96	106.76	207.92	185.79	186.52	196.83	233.78	192.30	198.45	193.47	170.42	193.21	200.66	191.91	192.78	189.57	184.36	126.35	264.55	170.51	132.89	165.17	34.96	51.06	120.19	96.17	162.72	163.12	167.10	173.37	268.51	191.69	153.13	184.27	177.72	191.41	167.30	149.08	219.78	144.52	127.42	90.24	169.64	169.27	180.82	160.72	172.66	182.12	196.04	191.59	144.28	119.71	69.56	180.94	147.17	155.34	81.44	9.70	224.08	27.07	188.55	193.11	124.71	54.72	196.60	169.68	224.88	15.65	196.14	161.76	136.08	130.49	69.53	81.68	191.40	233.96	184.97	183.27	188.64	192.41	202.24	207.67	169.16	184.17	183.35	190.12	201.25	180.91	204.73	184.87	192.93	56.50	4.81	217.40	228.05	225.32	207.66	188.96	223.58	223.50	185.95	218.59	194.41	170.31	176.47	106.26	24.34	119.50	19.11	151.52	184.07	166.94	127.32	175.12	180.62	221.98	88.31	140.66	186.74	212.32	239.83	160.27	162.20	157.70	212.12	386.13	190.29	163.37	168.08	55.57	181.82	200.28	138.39	184.74	192.98	214.69	173.01	135.60	163.90	219.18	11.21	193.57	30.77	5.90	171.35	112.10	217.63	175.96	6.06	28.21	152.54	232.93	154.57	113.21	66.56	193.08	232.78	185.96	196.85	92.08	134.97	176.40	58.59	174.30	194.11	190.94	148.31	70.96	79.81	73.43	120.64	67.85	24.79	192.81	138.49	187.53	176.60
65.46	51.55	72.89	72.84	152.90	0.00	706.95	71.19	14.39	77.12	114.85	136.93	79.06	71.46	111.68	146.13	136.06	102.51	199.68	118.69	97.91	126.28	157.19	93.93	110.14	90.39	87.02	156.11	120.64	142.38	100.09	71.70	86.22	90.57	116.87	115.22	175.27	166.76	52.20	209.73	78.52	147.16	61.39	148.94	130.75	104.49	121.39	83.56	128.33	160.78	93.77	220.69	145.86	83.18	99.54	114.81	138.98	106.68	100.00	169.91	140.02	135.12	96.30	114.79	87.43	92.05	114.18	130.87	119.26	117.68	166.99	126.86	149.71	150.28	172.25	144.68	130.33	89.73	149.27	138.38	145.14	116.72	116.89	50.25	132.07	117.19	84.16	201.15	142.21	116.26	101.44	183.89	147.49	135.97	150.27	162.01	153.94	176.07	102.35	178.83	110.49	177.99	182.81	114.80	175.89	108.96	95.82	108.44	153.66	184.70	163.56	169.73	116.03	153.78	134.18	144.69	145.09	130.10	123.33	140.97	140.15	122.46	137.53	118.23	97.16	173.56	73.22	145.17	81.51	140.75	68.04	125.53	93.71	113.61	101.27	103.06	197.23	128.71	80.34	76.89	185.82	188.83	126.70	86.24	119.77	125.24	351.06	107.80	52.02	118.80	117.19	127.13	186.90	172.72	95.69	124.46	189.69	114.28	153.05	111.13	127.72	144.19	177.90	135.56	151.65	105.80	89.98	190.31	51.28	153.74	133.53	157.82	152.27	99.37	70.55	102.97	124.08	154.79	115.74	182.51	98.75	82.45	73.90	141.34	82.32	186.35	94.54	132.22	93.44	134.37	94.57	175.41	106.87	135.06	93.48	169.86	117.92	85.73
706.65	661.63	703.99	691.66	724.89	706.95	0.00	703.50	707.04	707.99	613.12	621.12	705.35	705.18	702.52	714.28	606.56	630.37	724.41	713.57	694.00	702.35	713.54	704.97	706.63	705.97	706.19	711.76	667.91	620.26	706.62	697.36	704.20	706.45	700.51	707.77	719.32	717.99	692.64	505.76	705.51	709.60	697.23	721.48	715.96	691.41	706.32	699.98	610.27	718.58	659.67	509.83	596.20	671.21	707.00	624.16	597.90	647.73	659.95	573.59	655.44	712.75	698.18	608.98	690.98	702.71	622.30	648.08	645.33	666.56	718.40	711.15	709.89	718.94	720.09	723.45	690.37	705.46	723.96	704.35	721.45	694.59	706.62	700.14	717.90	708.81	675.50	724.41	722.11	707.17	707.27	720.54	721.42	718.54	717.05	718.41	712.51	720.74	705.83	721.71	707.12	720.28	721.00	707.54	721.53	708.22	703.29	707.09	716.98	721.56	717.69	718.69	713.54	724.12	709.68	711.16	710.24	708.55	709.65	709.69	709.58	709.03	709.21	707.98	708.35	721.04	703.40	720.55	706.18	719.65	705.67	710.03	697.26	687.34	695.32	706.58	723.62	714.95	689.35	701.78	721.91	539.60	711.33	702.53	710.85	707.89	368.46	706.86	657.82	700.75	708.51	702.02	720.56	719.57	676.01	711.09	721.95	685.35	711.84	702.42	709.15	722.74	720.07	720.27	724.63	706.93	695.78	722.39	704.63	725.00	718.08	723.91	712.25	696.81	699.51	709.78	691.86	683.48	696.05	722.07	681.75	693.20	681.40	716.57	680.63	724.27	703.35	701.69	713.35	717.95	710.24	720.70	710.93	716.76	706.12	718.35	702.24	703.77
74.00	83.73	43.04	77.31	183.11	71.19	703.50	0.00	59.75	69.53	101.63	100.61	44.43	45.93	52.29	121.34	108.03	78.21	158.23	123.87	116.52	137.04	151.68	30.77	74.88	26.23	18.92	92.95	94.77	125.42	51.25	20.85	25.91	23.61	93.36	54.50	140.67	132.54	107.53	211.02	25.96	136.99	21.09	168.72	144.62	97.53	115.55	35.72	113.20	147.33	54.22	206.54	156.08	62.82	54.76	103.70	136.08	102.71	109.26	155.51	123.63	118.78	123.80	117.34	70.58	49.80	115.51	118.59	102.26	64.43	134.78	115.01	130.32	157.98	152.41	165.55	115.59	111.85	178.75	72.94	167.67	85.14	93.91	71.58	149.65	82.76	42.28	159.65	171.13	71.75	87.52	171.08	160.47	151.00	154.51	133.37	90.50	154.16	53.48	159.08	45.27	142.51	144.89	64.64	159.40	80.92	28.99	40.76	127.45	150.02	130.56	135.36	134.48	184.03	68.64	80.50	82.07	70.89	105.32	77.38	76.04	99.12	74.35	85.73	91.36	158.68	83.00	169.58	84.44	173.46	34.76	109.84	57.93	97.05	85.68	88.53	156.09	129.33	74.83	15.72	148.98	170.95	114.44	64.15	110.22	60.41	338.64	53.00	82.57	111.37	134.28	110.54	145.59	160.28	42.31	108.36	148.50	88.28	128.45	63.19	60.70	173.50	141.78	165.07	181.83	52.70	84.68	150.22	22.65	183.72	161.08	169.82	88.70	60.50	75.99	139.97	106.55	93.72	59.76	158.79	135.67	101.11	25.29	160.59	32.07	173.37	27.30	117.74	126.38	149.04	118.60	167.62	127.11	163.91	26.54	156.88	90.90	24.26
59.80	51.08	62.90	64.32	150.56	14.39	707.04	59.75	0.00	72.50	110.12	128.55	66.48	58.81	99.90	135.31	129.58	95.28	188.86	110.60	93.35	120.61	149.48	83.54	101.78	78.91	75.96	145.42	114.29	137.65	90.42	59.89	75.19	79.64	110.60	103.53	164.50	155.78	57.32	209.29	66.71	139.78	49.42	144.50	124.80	96.78	112.52	71.28	121.57	152.79	84.06	217.32	145.71	74.77	89.68	110.23	136.39	102.65	97.52	166.25	131.31	125.25	93.89	112.17	80.76	82.34	110.81	125.80	113.97	107.58	156.58	119.77	139.65	143.89	163.71	141.96	123.28	85.14	146.66	127.43	141.04	109.16	110.67	44.18	126.73	109.42	73.35	190.27	139.56	107.37	94.62	175.68	143.02	130.20	143.62	151.96	143.17	167.32	92.37	170.55	98.41	167.38	171.98	102.82	168.03	101.30	84.01	96.92	143.56	174.35	152.71	158.98	110.53	151.50	122.94	133.85	134.38	119.60	117.96	130.26	129.40	115.72	126.80	110.76	92.26	165.74	65.25	141.66	74.41	139.04	55.12	119.94	84.08	104.23	95.46	97.50	186.33	120.21	73.14	65.72	175.29	184.80	120.23	77.47	113.55	114.08	349.09	97.14	52.99	114.21	111.49	121.42	175.43	164.50	85.29	119.32	178.58	106.68	141.94	99.21	116.62	141.56	166.95	132.61	149.27	93.77	80.34	179.43	40.43	151.39	130.34	153.86	141.50	88.20	62.19	102.46	119.11	144.59	104.27	173.80	99.34	79.88	63.12	137.28	71.20	179.44	82.89	124.80	91.51	128.95	90.43	167.64	102.23	132.18	82.17	161.96	111.23	73.53
115.47	101.29	103.33	106.46	200.09	77.12	707.99	69.53	72.50	0.00	113.83	145.28	71.94	79.66	117.42	153.77	148.68	112.06	195.84	142.32	141.12	163.02	182.19	65.85	128.76	88.03	71.90	155.05	144.21	163.27	111.46	73.71	60.98	70.43	143.00	121.04	181.64	168.40	125.83	204.87	85.22	173.84	71.59	189.93	170.24	137.36	143.44	98.72	142.34	174.46	103.30	206.79	184.80	114.40	119.75	144.79	170.09	144.40	147.24	189.30	134.85	140.17	153.76	142.26	119.38	115.57	151.98	159.55	148.79	124.55	162.56	156.38	165.57	181.90	186.80	177.03	156.37	141.83	194.14	134.06	185.26	139.36	142.94	93.13	169.59	138.87	81.40	201.57	188.74	134.76	132.28	204.52	186.09	156.36	181.69	156.17	152.33	191.77	117.98	195.51	108.55	177.98	181.32	125.70	193.83	133.45	94.38	104.57	145.92	190.19	162.15	168.16	161.06	201.33	130.61	142.71	145.12	136.58	151.87	140.23	138.20	149.14	137.67	140.83	138.61	193.10	108.25	189.90	124.08	191.04	78.91	154.73	108.86	135.12	132.00	130.65	196.47	146.13	121.50	62.60	185.15	199.28	157.64	109.78	153.59	123.69	352.47	118.43	80.33	153.73	158.83	155.73	190.06	194.96	100.21	153.61	186.37	138.76	148.66	117.65	119.97	192.12	183.07	181.13	198.11	115.86	114.28	186.63	57.77	201.52	181.07	194.28	150.53	116.90	108.95	159.81	152.50	155.60	126.20	195.85	160.22	139.21	82.01	183.59	88.71	205.85	92.24	157.84	151.28	174.49	145.99	199.37	153.30	177.90	92.90	192.44	143.72	88.52
124.38	80.49	112.26	96.08	187.41	114.85	613.12	101.63	110.12	113.83	0.00	74.40	98.61	98.42	114.24	155.19	59.86	41.60	199.67	146.26	118.63	138.94	164.68	109.43	129.61	104.63	106.70	151.98	117.71	103.90	123.88	90.04	100.46	107.68	141.32	123.85	180.92	172.05	126.23	118.95	100.01	157.36	90.73	175.86	157.41	109.88	128.09	101.69	51.41	181.57	63.49	113.78	116.10	79.70	123.57	76.07	93.97	98.22	107.05	104.43	99.20	142.85	138.75	61.26	113.91	117.92	82.79	110.44	100.45	90.48	174.55	146.06	146.85	168.89	189.71	192.61	136.95	131.48	183.07	134.70	173.59	129.67	146.27	98.25	163.65	142.56	70.44	201.36	175.82	134.77	133.85	187.55	189.13	156.29	166.50	172.25	151.65	192.60	120.80	197.37	117.40	183.82	186.09	121.06	196.68	137.70	109.43	118.66	164.28	191.80	169.94	175.52	152.17	187.78	134.40	144.68	144.06	133.72	152.80	140.92	139.76	148.97	137.72	142.72	142.07	194.57	106.40	175.72	115.35	176.92	98.67	153.99	101.27	114.15	128.69	138.08	197.82	146.37	104.98	97.12	190.72	99.53	152.73	118.65	150.77	129.33	252.83	121.96	72.59	140.84	146.25	147.07	185.81	183.72	81.11	156.74	189.46	118.55	143.60	107.68	130.76	179.92	181.88	174.38	186.06	113.81	105.08	191.57	102.51	188.39	170.61	200.52	150.16	101.98	102.46	147.15	143.67	134.96	114.54	198.36	131.46	129.38	81.49	166.26	79.94	209.28	108.17	143.11	144.32	169.69	137.65	183.36	139.60	166.94	110.55	176.66	139.57	102.49
112.53	103.10	94.37	103.24	194.03	136.93	621.12	100.61	128.55	145.28	74.40	0.00	106.23	104.56	88.15	133.79	35.54	43.65	165.02	145.16	127.88	140.45	144.49	111.21	97.55	97.39	105.09	112.78	75.93	64.93	94.30	93.76	107.10	107.25	104.53	92.26	144.00	142.23	141.71	158.64	96.86	129.31	95.40	175.62	153.89	100.38	125.57	86.94	55.03	152.49	54.68	143.37	104.82	68.75	92.15	52.82	74.05	74.40	94.40	72.98	103.15	129.31	133.96	71.26	89.62	89.67	68.76	76.54	61.32	58.02	148.71	118.22	125.95	160.09	153.19	190.62	103.18	130.13	191.17	101.40	178.39	90.78	110.27	117.51	161.58	103.32	74.09	161.74	183.87	94.94	106.84	157.01	171.99	170.52	153.61	152.93	113.36	153.58	88.40	158.61	92.25	151.18	153.24	87.79	159.78	102.41	91.61	95.14	149.40	152.74	143.74	146.95	149.23	194.17	102.56	108.22	106.86	99.39	117.14	105.25	105.44	110.41	102.81	103.45	114.39	157.12	118.43	177.86	111.79	185.68	101.35	119.27	87.85	91.24	98.82	111.84	159.76	146.00	90.88	103.29	157.07	85.07	119.27	96.17	118.29	99.70	255.72	89.57	112.92	115.32	146.90	112.52	143.41	149.79	67.38	121.88	155.30	82.63	139.25	88.17	104.42	185.51	147.25	180.10	193.43	88.94	106.52	158.20	110.89	193.98	172.88	182.27	112.49	82.27	107.87	159.65	106.27	89.92	81.77	159.06	140.49	115.71	78.47	166.19	75.14	172.07	93.65	111.99	148.83	158.41	137.93	157.15	144.80	178.10	95.04	145.82	100.78	92.39
84.79	86.03	65.29	56.92	154.99	79.06	705.35	44.43	66.48	71.94	98.61	106.23	0.00	15.30	65.17	99.16	115.98	82.75	153.10	91.96	94.64	110.47	125.70	57.55	92.48	48.16	50.17	114.20	112.73	135.56	78.85	32.62	41.93	51.85	113.41	72.32	130.89	119.16	110.23	209.59	38.28	121.79	35.10	139.36	115.72	83.20	82.76	43.41	103.13	135.40	61.01	201.70	165.47	68.68	79.68	114.30	145.73	113.89	115.70	164.74	91.61	87.23	113.66	119.51	88.11	76.50	120.15	123.54	116.06	81.24	122.46	108.82	101.86	127.72	144.47	153.97	112.32	95.35	149.37	96.20	136.75	103.38	114.43	60.11	120.42	105.98	40.56	155.32	142.94	95.79	95.88	148.32	149.23	112.31	126.56	119.84	112.82	147.68	74.50	153.81	61.26	134.11	136.69	65.16	153.50	99.27	54.28	66.55	109.55	144.47	116.35	123.52	109.34	156.20	89.90	104.10	104.23	91.30	121.57	100.35	98.75	114.55	96.03	107.13	109.57	151.54	58.87	141.32	75.84	147.62	21.26	123.11	64.22	78.58	101.68	105.02	150.98	92.44	78.98	39.87	142.60	177.99	116.70	73.59	113.98	84.02	342.49	75.18	86.01	119.73	106.39	122.10	136.55	141.26	59.93	126.22	140.60	98.13	88.54	54.89	85.14	146.11	131.94	137.57	153.28	57.21	57.41	143.27	48.46	155.97	134.87	162.49	111.19	56.75	58.59	122.14	124.49	115.81	73.16	154.24	126.06	107.60	48.61	135.13	46.11	169.33	53.55	110.64	110.11	126.50	99.86	143.32	103.82	133.89	57.46	138.12	108.70	41.31
74.21	76.94	57.65	44.30	143.67	71.46	705.18	45.93	58.81	79.66	98.42	104.56	15.30	0.00	63.97	97.43	113.22	80.39	155.09	85.37	82.01	99.34	118.77	65.54	88.00	49.73	55.52	115.44	108.02	131.46	76.96	32.35	50.13	58.46	108.33	71.55	130.21	119.67	98.00	210.40	36.03	114.95	31.82	128.69	104.88	72.05	74.44	37.85	99.45	132.94	58.39	204.46	157.92	59.49	74.99	107.77	139.43	105.76	105.44	161.00	93.00	85.93	100.56	113.39	81.15	70.95	111.90	117.11	109.68	79.79	124.59	101.39	96.59	119.16	141.89	147.74	106.13	81.77	138.51	98.38	126.36	98.58	109.46	48.19	110.81	101.78	41.36	156.25	131.39	92.02	88.78	143.16	141.13	106.34	118.06	122.25	114.23	144.84	70.87	150.82	63.04	135.13	138.08	62.04	150.23	94.22	55.96	68.84	112.42	144.12	117.67	124.92	97.56	144.76	91.89	105.64	105.21	90.41	115.96	101.55	100.27	109.12	96.97	102.68	101.21	147.79	45.69	130.18	62.44	135.47	13.27	117.07	58.55	72.03	95.39	99.65	152.21	87.16	67.69	45.16	143.80	176.00	109.75	68.17	106.49	85.49	342.34	73.02	81.56	111.56	95.02	115.78	136.67	136.00	58.70	120.65	142.46	92.12	89.68	51.87	88.32	134.55	131.53	126.66	142.11	54.06	47.31	145.22	47.77	144.58	123.35	155.25	112.62	49.62	44.72	108.51	119.04	116.56	70.67	152.09	112.28	95.88	46.87	123.76	44.50	165.85	55.42	104.23	96.49	116.83	86.44	137.22	90.65	123.22	58.61	132.48	103.41	41.06
93.10	111.42	55.92	89.13	186.31	111.68	702.52	52.29	99.90	117.42	114.24	88.15	65.17	63.97	0.00	110.74	98.93	84.78	138.29	128.47	122.14	135.25	143.20	61.96	71.24	32.20	49.63	52.99	92.95	124.88	52.93	49.32	58.98	52.66	95.20	14.92	121.48	117.31	132.84	225.83	39.06	129.07	56.37	168.31	143.17	92.54	110.11	31.41	109.73	147.34	53.13	212.54	164.80	62.74	48.37	105.39	139.84	108.68	117.61	152.57	126.58	118.73	133.28	127.52	81.60	47.14	119.40	116.48	100.94	37.71	128.10	110.35	115.74	154.88	145.60	179.75	111.91	119.26	182.82	39.06	169.54	79.92	96.88	95.03	152.92	78.98	57.88	136.62	174.41	57.06	92.76	158.07	166.27	158.54	149.67	130.81	52.48	144.25	42.25	151.03	17.40	128.53	128.22	34.06	153.84	81.97	27.50	26.27	128.27	133.39	119.71	123.14	136.21	187.03	32.48	44.94	43.21	28.70	106.96	40.34	39.60	97.18	35.53	81.55	101.53	153.99	94.29	171.03	88.85	178.00	55.42	111.43	55.88	92.64	93.01	99.60	134.74	131.55	81.22	55.51	133.65	166.66	112.76	76.36	110.78	28.01	334.62	35.16	119.18	112.78	135.56	109.75	120.81	149.89	37.39	112.22	128.45	82.89	118.21	37.65	35.66	176.65	120.53	171.21	185.44	21.82	89.22	132.34	72.71	186.54	165.25	176.84	50.93	43.56	86.36	149.67	109.05	55.94	12.94	148.89	145.55	114.70	49.18	161.14	41.12	169.96	28.25	112.71	136.05	151.07	125.66	156.99	129.26	169.84	32.12	145.36	87.20	30.59
127.75	141.32	118.58	104.36	149.67	146.13	714.28	121.34	135.31	153.77	155.19	133.79	99.16	97.43	110.74	0.00	152.46	132.22	83.74	68.49	121.19	117.07	115.27	132.14	131.73	119.63	125.48	142.94	145.83	162.75	126.88	115.58	124.48	127.36	146.04	112.93	51.04	38.89	153.73	246.40	114.01	124.63	116.16	129.43	105.52	111.92	90.62	102.35	131.30	77.58	119.00	233.61	191.90	120.60	123.95	150.55	174.01	148.32	150.65	188.20	110.96	86.56	132.64	158.60	133.35	123.50	150.63	150.38	148.31	125.29	107.11	127.48	94.36	116.14	77.78	108.80	128.85	117.16	145.87	134.59	130.64	138.04	146.70	125.16	102.37	139.46	112.41	83.30	142.90	131.59	128.84	128.48	97.53	118.00	117.50	51.33	142.63	77.05	118.71	84.91	111.08	57.83	62.29	98.62	87.24	133.60	114.42	120.02	46.28	67.37	38.53	46.99	100.46	150.26	129.35	138.08	136.81	127.29	150.18	135.52	135.06	141.25	132.01	139.53	143.30	88.98	106.03	137.04	115.68	148.57	102.53	149.34	118.97	96.85	138.27	143.89	78.78	89.49	119.04	123.49	68.35	201.44	134.81	117.37	133.07	126.86	357.38	120.73	152.81	150.07	99.80	148.47	63.12	109.96	120.71	155.27	69.23	130.55	75.01	99.74	130.90	142.92	53.54	126.15	147.82	103.87	77.83	71.94	127.27	150.36	131.39	107.85	142.07	103.39	107.74	143.70	153.97	144.41	111.24	82.96	147.40	139.02	119.12	127.97	114.77	108.51	116.44	125.12	132.77	91.57	118.44	124.96	113.23	137.56	121.38	128.75	139.60	110.27
122.12	98.83	104.61	110.45	199.17	136.06	606.56	108.03	129.58	148.68	59.86	35.54	115.98	113.22	98.93	152.46	0.00	41.14	183.22	157.65	132.31	148.94	164.93	118.32	116.31	104.52	112.31	123.52	94.42	79.55	110.65	99.70	114.45	114.42	123.47	105.63	165.25	162.13	137.88	141.37	103.64	151.28	101.26	185.15	164.31	111.26	138.25	96.72	49.56	176.88	57.68	129.87	100.19	71.43	106.16	50.15	69.78	80.76	97.94	73.41	119.34	151.90	140.84	63.48	103.90	101.40	65.89	92.46	74.63	64.29	169.63	138.38	145.49	175.49	177.81	199.75	126.16	137.52	196.39	111.83	186.20	109.85	129.35	118.76	173.29	122.40	83.16	181.22	188.57	112.02	125.69	181.46	186.44	179.47	170.29	171.33	124.06	177.65	104.29	182.57	105.93	171.47	172.73	106.24	183.70	122.09	102.93	107.38	168.06	174.35	163.45	166.93	157.88	199.29	113.83	119.43	117.75	109.49	136.70	116.12	116.04	131.22	113.78	122.82	128.79	182.08	123.49	185.52	119.54	189.41	109.39	139.56	100.09	112.07	116.29	129.45	179.38	160.19	100.34	109.09	176.61	70.77	140.89	114.55	139.14	110.27	239.99	105.20	105.67	131.30	154.72	132.62	166.20	175.63	73.58	140.97	174.52	102.54	155.05	101.91	114.58	190.70	165.97	186.60	198.48	102.09	116.90	177.26	116.31	199.23	180.18	196.47	123.08	94.73	114.08	161.01	125.22	99.80	92.85	182.69	139.74	123.82	83.56	175.54	80.01	196.27	103.02	134.75	153.25	172.53	145.69	179.80	149.94	182.85	104.92	169.74	120.22	101.71
95.22	68.45	79.83	78.84	178.12	102.51	630.37	78.21	95.28	112.06	41.60	43.65	82.75	80.39	84.78	132.22	41.14	0.00	174.07	130.60	107.12	126.68	146.73	91.26	98.81	81.33	85.62	122.22	86.17	81.38	91.75	69.35	84.25	87.83	109.44	92.19	153.23	146.93	112.08	145.21	77.29	135.36	68.95	163.68	142.23	89.29	114.07	72.59	44.46	156.60	34.33	139.15	101.22	50.63	88.68	48.19	75.11	68.90	83.04	91.57	96.54	126.09	118.29	52.34	82.64	83.05	60.46	86.53	69.81	59.20	151.21	121.33	126.98	154.31	161.87	175.22	110.96	112.51	174.51	105.60	163.62	97.62	114.33	86.64	149.30	108.78	49.62	173.66	166.85	100.52	104.74	167.22	165.02	151.71	150.50	150.96	121.75	163.59	86.74	168.34	88.44	157.53	160.28	90.23	168.22	104.94	81.09	89.53	144.99	162.73	146.04	151.03	135.00	178.38	105.39	114.49	113.83	102.93	122.23	110.82	110.24	116.97	107.73	109.45	109.16	165.65	92.80	164.60	93.47	167.85	77.82	124.18	76.24	90.59	98.12	109.51	170.55	133.47	75.89	79.00	164.28	97.22	124.39	89.20	121.57	99.72	266.15	89.72	72.44	115.20	131.76	118.20	156.72	159.92	52.49	126.27	163.91	88.28	132.85	82.49	103.07	169.58	154.98	163.04	177.13	84.43	87.39	166.05	82.47	178.66	157.93	175.91	120.39	74.09	84.47	136.99	113.09	104.41	82.62	169.43	119.39	101.77	54.45	153.31	53.82	181.31	81.01	118.11	129.39	150.22	120.52	163.92	126.07	159.56	82.78	155.28	107.20	76.42
180.69	198.09	160.82	173.29	228.15	199.68	724.41	158.23	188.86	195.84	199.67	165.02	153.10	155.09	138.29	83.74	183.22	174.07	0.00	149.29	196.08	194.75	186.61	157.91	167.56	152.81	155.18	141.44	179.24	198.67	155.41	159.43	159.49	155.67	179.25	135.50	46.10	47.22	212.53	280.81	155.90	185.89	162.55	209.92	184.86	177.58	167.79	145.12	179.35	116.18	159.48	262.73	235.56	169.44	155.89	191.98	214.08	194.63	204.33	219.02	175.68	157.85	201.81	208.41	177.45	156.74	199.11	196.37	187.55	149.87	142.44	183.31	164.10	195.00	99.29	152.12	180.79	189.86	224.81	139.99	211.57	171.56	179.33	189.07	181.89	167.40	159.09	16.97	221.76	156.51	176.46	189.80	148.78	199.94	193.40	60.09	140.94	90.91	151.25	97.04	136.66	34.12	23.69	137.39	105.58	169.31	143.13	141.66	75.45	42.94	51.12	42.74	177.46	228.88	138.46	140.46	140.18	140.60	186.17	140.46	140.23	176.52	139.75	168.93	186.24	116.78	176.47	215.97	179.91	226.98	154.96	188.53	165.60	161.37	179.71	184.62	14.52	170.81	174.44	160.24	24.10	226.18	183.22	164.49	181.72	139.15	369.64	148.86	205.33	198.11	178.01	189.49	48.80	167.90	155.19	190.20	16.17	172.94	142.87	145.31	140.53	220.88	36.03	204.34	226.19	141.66	150.39	13.49	169.86	228.26	210.11	147.00	141.23	152.69	175.15	218.50	188.69	144.87	137.09	84.23	215.81	195.23	158.31	206.77	154.15	124.53	144.95	180.31	205.56	164.70	193.15	191.05	189.00	217.48	150.29	188.59	173.32	147.87
111.49	113.42	117.67	76.06	90.99	118.69	713.57	123.87	110.60	142.32	146.26	145.16	91.96	85.37	128.47	68.49	157.65	130.60	149.29	0.00	80.63	78.80	93.79	142.35	140.89	128.36	134.14	174.39	151.99	164.32	139.10	114.11	130.14	136.92	151.75	133.51	114.83	104.61	116.74	234.95	115.61	112.99	110.70	75.37	56.23	95.64	62.88	106.40	124.03	104.13	121.59	231.17	177.76	113.94	134.38	145.80	166.84	139.82	132.99	189.83	95.78	72.62	93.22	143.93	130.11	131.49	137.50	146.19	148.66	141.77	118.53	119.09	84.55	73.81	117.13	101.30	124.59	75.54	86.09	162.35	72.33	146.35	152.50	94.94	49.33	150.85	112.63	149.12	85.26	146.93	125.24	119.44	92.47	59.44	82.65	106.84	173.82	121.02	130.99	126.39	130.20	122.67	128.04	113.79	123.81	139.77	128.21	138.96	95.13	130.13	102.58	111.48	48.22	91.79	156.02	167.39	165.85	151.21	153.45	163.65	163.04	147.09	159.12	150.02	138.25	119.84	72.78	81.78	94.77	90.66	94.68	151.00	121.70	85.32	137.15	142.43	144.88	38.40	107.71	126.11	133.21	205.54	130.99	114.82	127.85	150.98	361.26	136.09	127.38	144.88	47.16	150.31	127.11	108.36	129.89	158.04	135.45	134.44	72.95	110.02	155.85	84.66	118.13	66.19	89.24	116.23	57.23	137.77	120.57	92.50	72.17	111.39	172.82	106.83	80.13	93.80	157.34	174.49	129.81	130.76	107.11	116.92	120.43	84.44	118.03	139.58	129.38	119.35	84.97	57.00	73.41	108.84	69.94	76.47	133.50	120.31	146.86	117.54
85.34	80.31	99.61	40.57	83.59	97.91	694.00	116.52	93.35	141.12	118.63	127.88	94.64	82.01	122.14	121.19	132.31	107.12	196.08	80.63	0.00	31.62	88.33	142.25	118.79	119.13	130.66	172.45	128.03	136.92	128.46	101.93	125.78	134.55	132.04	130.53	160.27	154.18	84.39	214.82	103.24	97.75	97.09	70.30	56.05	44.84	49.67	98.20	103.95	144.08	102.50	215.68	138.63	80.93	118.19	110.40	131.24	101.06	85.39	161.04	100.31	95.05	53.64	103.74	102.56	114.42	99.36	110.99	115.51	126.75	161.97	95.63	83.51	75.96	156.54	144.76	104.03	34.30	81.36	160.32	70.33	124.96	134.45	56.47	70.61	135.55	96.98	193.27	69.84	133.07	102.79	122.66	125.93	76.49	77.40	161.03	172.60	160.41	117.24	164.90	128.74	170.96	176.15	108.53	161.63	122.91	124.82	135.96	150.73	174.25	154.05	161.98	57.29	83.33	154.22	165.51	163.22	145.44	133.00	160.81	160.65	129.60	155.83	133.94	111.98	154.04	39.38	70.91	45.35	70.29	88.00	128.62	91.21	73.82	114.20	121.31	189.98	76.77	68.31	119.84	180.91	181.32	111.91	100.83	109.42	148.56	341.78	124.77	102.23	106.27	52.09	122.74	167.87	122.51	111.78	137.68	182.51	107.04	107.55	96.73	155.21	76.48	164.34	76.47	83.09	107.35	50.85	185.44	111.24	84.87	68.81	145.99	171.25	84.46	41.52	40.73	134.74	168.68	123.00	171.40	50.98	81.07	106.92	54.41	105.14	173.74	125.29	99.43	45.32	85.66	33.42	111.31	29.37	67.20	125.37	114.88	127.53	110.06
106.27	109.51	119.22	62.62	74.96	126.28	702.35	137.04	120.61	163.02	138.94	140.45	110.47	99.34	135.25	117.07	148.94	126.68	194.75	78.80	31.62	0.00	72.12	161.16	132.15	136.73	149.62	183.28	143.33	151.19	144.81	122.07	144.24	153.22	146.60	143.39	157.01	151.81	113.08	231.96	121.86	92.75	118.79	53.59	43.09	53.73	39.70	115.07	117.56	141.11	121.54	228.58	156.19	101.86	133.64	129.35	148.35	119.42	104.98	175.16	101.18	89.26	68.65	123.70	121.08	131.65	118.12	123.14	131.78	142.21	162.55	99.55	67.57	57.91	153.25	149.73	109.51	50.93	73.38	173.28	57.20	138.79	148.88	83.92	61.86	149.60	115.32	190.82	62.28	147.00	116.17	106.74	124.99	68.48	60.85	161.42	183.92	157.04	131.45	161.91	142.08	169.20	174.47	117.29	158.75	136.83	141.31	151.06	151.05	171.38	152.40	160.50	56.18	74.21	166.69	177.64	174.97	157.91	145.65	173.09	173.07	141.47	168.01	147.59	128.31	149.70	61.00	60.07	64.00	65.50	106.75	139.98	106.44	78.08	130.32	137.19	187.69	69.44	87.40	139.90	179.47	195.31	119.07	116.94	118.32	162.30	352.71	139.01	131.02	118.03	49.74	133.41	162.65	110.40	129.77	151.00	180.53	119.44	98.24	105.54	169.29	69.95	161.57	71.89	74.75	119.19	61.28	183.94	134.41	76.39	64.16	146.61	182.74	96.59	64.34	55.88	148.82	180.66	135.80	168.88	71.86	100.94	128.25	33.32	124.86	171.14	142.28	102.05	61.71	79.81	47.05	94.95	34.43	62.58	142.66	103.65	140.78	127.21
123.84	142.28	132.84	97.06	106.76	157.19	713.54	151.68	149.48	182.19	164.68	144.49	125.70	118.77	143.20	115.27	164.93	146.73	186.61	93.79	88.33	72.12	0.00	173.03	124.62	149.42	162.15	183.49	132.80	142.52	141.50	139.55	158.41	165.54	132.21	146.49	143.24	142.89	150.41	254.78	137.20	42.21	137.79	77.81	68.66	81.49	64.50	128.51	138.30	113.53	137.97	244.27	174.91	123.24	139.31	146.98	164.70	134.60	126.01	175.48	94.53	56.63	97.63	149.20	122.99	140.80	139.23	113.19	132.19	153.29	149.46	69.67	57.64	39.79	126.41	166.24	78.35	86.23	105.15	176.29	87.27	126.35	133.93	119.19	73.59	137.50	131.15	180.11	100.39	140.11	103.87	35.75	131.32	92.71	25.91	157.19	184.57	132.58	133.66	137.49	145.34	160.16	165.89	113.10	133.84	124.33	148.81	156.16	146.36	159.44	145.17	151.49	84.83	107.19	169.37	179.02	176.45	162.17	126.50	175.19	175.49	121.86	170.37	133.91	130.82	123.16	100.99	83.48	97.79	106.83	125.00	119.43	118.24	60.97	120.75	124.84	177.61	75.65	110.04	155.54	171.31	208.94	90.34	110.03	93.82	167.03	365.58	137.51	163.58	109.05	82.86	114.99	147.90	48.30	145.48	132.37	171.24	108.78	98.26	114.94	174.01	101.96	154.11	103.16	106.95	125.66	91.00	175.50	153.59	106.13	90.50	152.37	183.68	109.66	98.05	108.58	132.08	181.76	142.64	145.86	117.02	119.44	145.44	77.89	141.62	142.10	152.61	67.01	95.69	80.45	81.44	24.23	89.83	99.02	152.44	37.38	125.89	139.87
103.72	108.03	71.55	102.60	207.92	93.93	704.97	30.77	83.54	65.85	109.43	111.21	57.55	65.54	61.96	132.14	118.32	91.26	157.91	142.35	142.25	161.16	173.03	0.00	93.83	37.48	15.75	90.26	113.60	141.80	67.36	42.88	20.14	11.08	113.38	63.22	147.94	138.24	134.48	213.94	47.31	159.24	48.19	192.89	168.79	122.35	135.70	58.18	126.47	161.70	69.43	206.06	177.18	87.97	75.85	123.67	154.95	127.00	136.55	168.83	134.49	134.13	153.28	136.28	96.39	72.78	138.02	140.14	123.24	72.82	138.72	138.66	148.66	180.65	165.58	182.68	137.65	140.27	202.98	69.15	191.20	104.65	113.70	97.73	172.97	100.80	56.45	161.57	195.94	88.10	111.68	190.29	182.17	169.26	177.51	136.49	87.24	167.03	72.85	172.26	51.08	146.62	147.46	80.58	173.52	101.94	38.45	43.88	131.29	156.57	135.43	139.42	159.43	208.95	66.55	77.89	80.87	75.79	126.14	76.01	73.81	119.62	74.25	104.22	117.92	174.60	107.07	194.63	112.24	199.02	57.57	131.28	78.41	118.87	108.99	110.48	157.86	147.22	103.47	23.86	151.79	178.69	137.64	87.98	134.26	60.12	340.28	68.16	99.58	135.37	158.29	132.01	151.48	179.77	55.33	128.97	149.51	109.70	136.89	77.81	54.88	198.57	147.39	189.27	206.43	68.95	106.44	151.03	45.04	208.75	186.42	189.84	85.49	81.81	102.72	167.16	126.92	92.74	71.03	169.87	163.69	130.93	46.55	185.90	49.56	187.96	35.54	140.00	154.84	172.77	146.37	188.14	152.50	187.82	38.35	177.18	111.10	42.26
74.25	108.61	56.12	92.29	185.79	110.14	706.63	74.88	101.78	128.76	129.61	97.55	92.48	88.00	71.24	131.73	116.31	98.81	167.56	140.89	118.79	132.15	124.62	93.83	0.00	73.04	82.75	97.92	47.63	93.46	34.66	76.18	88.09	86.82	35.21	66.89	139.29	140.68	125.85	234.58	70.58	95.09	75.21	164.90	143.84	83.15	116.47	67.47	127.37	130.62	79.87	227.34	146.63	71.81	48.74	100.00	128.66	88.58	95.05	136.49	132.09	112.18	118.02	121.80	41.76	51.49	111.55	77.16	69.52	78.13	144.59	67.24	120.72	145.21	133.05	181.14	65.24	111.21	183.95	88.50	170.05	24.65	36.56	96.32	150.13	28.40	75.67	162.68	174.54	32.93	36.34	134.62	158.33	166.88	135.48	151.49	97.52	135.40	45.24	139.22	68.13	149.75	153.49	56.96	138.88	25.88	67.46	69.43	147.02	148.98	142.65	145.12	139.49	186.12	84.11	89.94	89.56	78.88	43.85	87.18	87.98	36.60	84.25	27.62	61.36	135.74	102.15	166.98	80.30	175.77	80.27	45.64	45.12	78.44	37.44	39.19	160.91	141.21	66.50	84.48	156.89	173.61	58.42	37.89	57.08	80.31	344.72	41.14	122.66	50.92	140.81	42.96	142.90	123.82	70.13	48.43	157.10	30.73	145.30	70.59	86.29	176.73	147.63	172.12	185.65	64.55	99.75	159.78	84.10	185.68	162.09	168.62	96.28	62.63	88.84	141.69	48.39	96.01	71.63	141.96	131.42	89.35	73.82	152.08	75.46	146.96	72.80	69.01	125.80	142.63	115.21	135.22	129.62	171.75	66.55	115.81	30.33	69.23
85.72	98.21	49.50	82.18	186.52	90.39	705.97	26.23	78.91	88.03	104.63	97.39	48.16	49.73	32.20	119.63	104.52	81.33	152.81	128.36	119.13	136.73	149.42	37.48	73.04	0.00	22.93	74.57	96.55	128.32	51.16	24.71	31.24	26.58	96.63	37.96	136.42	129.19	121.75	218.42	17.07	134.85	33.59	170.53	145.91	94.87	112.46	29.23	112.83	152.12	50.44	208.92	164.52	61.33	51.72	107.06	141.65	108.70	115.57	157.58	124.42	119.12	131.27	123.85	77.11	48.73	120.65	119.81	104.65	51.55	135.03	113.62	124.28	158.35	154.67	177.11	116.14	117.08	182.28	55.95	170.10	84.01	97.77	79.51	153.65	82.98	44.50	153.46	173.99	66.02	91.70	167.43	169.02	154.17	153.95	135.17	72.94	155.29	47.44	161.24	27.91	140.21	141.10	50.63	162.68	83.33	18.97	27.20	130.22	147.43	128.88	133.28	138.04	187.44	50.18	63.62	64.16	52.21	108.36	59.80	58.26	100.74	56.00	85.73	99.46	162.37	86.55	172.00	85.74	177.27	38.90	112.95	52.15	96.38	91.38	95.20	150.51	131.24	78.95	26.15	146.12	171.84	116.05	71.20	113.42	43.50	339.30	42.59	99.71	113.12	136.93	112.21	138.67	159.09	33.74	112.67	142.90	87.09	122.35	46.92	44.83	176.87	136.29	170.46	185.32	35.48	86.60	145.71	47.13	187.02	165.48	179.32	71.04	49.45	79.34	145.31	110.62	77.83	42.31	159.94	142.55	111.20	33.08	162.46	29.40	177.78	15.58	117.00	132.06	154.01	123.50	165.03	128.91	167.69	16.53	153.41	91.23	13.01
92.03	100.04	58.25	91.54	196.83	87.02	706.19	18.92	75.96	71.90	106.70	105.09	50.17	55.52	49.63	125.48	112.31	85.62	155.18	134.14	130.66	149.62	162.15	15.75	82.75	22.93	0.00	83.92	104.27	134.70	56.86	30.61	17.99	5.73	103.41	51.67	142.02	133.31	124.74	215.49	32.51	147.83	36.55	181.70	157.38	109.75	125.03	43.89	120.20	155.39	60.12	207.91	169.87	75.25	63.28	115.15	147.84	117.17	125.44	163.28	129.83	126.53	141.19	129.46	85.09	59.78	128.93	130.21	113.64	63.70	135.70	126.58	138.30	169.81	158.97	176.88	126.92	127.91	192.20	63.20	180.46	93.80	103.89	86.83	162.64	90.48	48.78	157.60	184.70	76.66	100.30	179.98	173.61	161.27	166.28	134.34	81.24	160.18	60.26	165.58	40.14	142.79	143.87	67.80	166.77	91.13	25.94	34.03	129.15	151.57	131.43	135.63	148.08	197.82	59.31	71.55	73.74	65.67	115.87	68.91	66.98	109.03	66.37	93.74	106.66	167.31	95.95	183.19	98.97	187.67	45.79	120.88	66.06	108.06	98.40	100.62	154.15	138.86	90.71	15.26	148.39	175.70	126.30	77.23	122.87	52.06	340.58	55.77	95.72	123.79	147.20	121.38	145.68	169.80	44.91	119.11	146.12	98.43	130.76	65.56	49.36	187.30	141.85	178.90	195.46	55.27	96.11	148.06	38.33	197.52	175.26	182.26	79.41	68.18	90.48	155.37	117.32	86.78	58.92	163.81	152.01	119.16	35.99	174.37	38.18	181.35	22.67	128.83	142.45	162.33	134.13	177.51	140.52	177.30	25.15	166.35	100.25	27.64
134.29	157.51	96.56	141.17	233.78	156.11	711.76	92.95	145.42	155.05	151.98	112.78	114.20	115.44	52.99	142.94	123.52	122.22	141.44	174.39	172.45	183.28	183.49	90.26	97.92	74.57	83.92	0.00	116.00	149.37	78.51	97.01	96.61	84.89	116.87	46.41	136.62	136.80	177.35	254.02	87.53	165.28	104.08	215.00	190.04	139.09	158.01	82.44	147.40	175.88	95.54	236.33	195.26	107.92	77.75	137.40	168.54	142.96	156.36	173.11	169.88	160.85	179.14	165.56	116.82	79.66	155.52	147.63	129.17	64.26	148.50	145.99	155.71	199.69	167.56	216.27	145.36	167.75	230.84	22.05	217.41	103.02	117.87	146.24	199.77	96.59	104.51	138.71	222.58	73.51	126.91	191.14	201.98	208.25	193.16	153.66	5.86	163.53	73.51	170.07	54.57	142.37	139.31	73.47	175.12	107.31	66.12	53.60	155.95	144.54	141.13	141.18	183.02	234.43	25.44	13.89	11.18	29.30	129.09	15.73	17.11	119.38	19.63	100.07	131.79	177.70	146.50	218.29	136.87	226.13	106.39	135.81	98.88	136.32	123.12	128.54	138.74	178.40	125.41	95.91	143.64	184.36	143.38	114.59	142.24	32.84	344.26	63.78	163.70	144.26	183.43	135.47	130.59	182.02	78.62	133.55	135.93	113.71	158.12	83.85	35.59	224.08	133.73	218.93	233.14	69.49	139.82	139.84	114.35	233.72	212.63	209.04	6.58	91.70	138.10	198.65	130.79	28.97	51.16	165.00	192.19	154.98	93.00	208.10	87.45	190.22	66.87	147.53	184.25	194.09	174.30	193.17	177.99	219.15	68.46	178.64	109.05	78.24
83.10	102.21	73.34	104.49	192.30	120.64	667.91	94.77	114.29	144.21	117.71	75.93	112.73	108.02	92.95	145.83	94.42	86.17	179.24	151.99	128.03	143.33	132.80	113.60	47.63	96.55	104.27	116.00	0.00	50.87	58.74	94.81	110.21	108.24	33.92	89.36	150.17	153.21	125.80	207.20	93.63	100.02	92.28	173.60	153.17	96.58	132.59	86.82	111.10	135.66	79.75	202.21	112.70	72.67	69.14	73.41	94.93	66.09	79.31	95.37	130.20	125.26	118.15	98.18	43.28	68.95	85.32	45.42	33.57	81.85	156.27	75.74	134.49	153.73	137.88	185.63	60.18	118.82	190.82	106.46	178.96	28.46	40.64	109.72	157.74	44.15	87.23	173.56	182.49	54.01	50.43	140.50	161.14	178.92	143.29	163.59	115.88	140.38	67.71	143.06	91.81	160.96	165.29	80.66	142.10	42.18	89.12	92.21	159.71	158.40	155.33	157.28	147.37	192.61	105.19	109.16	108.50	99.03	46.26	106.53	107.58	43.09	104.20	41.93	65.36	138.54	118.71	173.51	98.74	182.70	100.89	49.71	73.15	82.48	34.65	45.77	172.10	153.55	74.72	104.30	167.86	140.44	62.73	53.16	60.84	101.09	308.94	66.85	118.49	57.34	148.90	46.27	154.57	128.43	81.26	49.11	169.45	31.58	162.18	95.40	107.33	183.19	159.58	178.73	192.28	88.36	113.90	171.70	101.17	191.64	167.91	170.43	114.86	83.38	103.46	150.27	32.17	102.95	88.28	146.84	130.36	86.10	83.50	162.33	86.28	147.60	94.13	72.63	132.67	148.12	124.54	141.44	142.48	178.93	89.54	121.68	36.00	92.00
112.94	107.49	109.37	119.70	198.45	142.38	620.26	125.42	137.65	163.27	103.90	64.93	135.56	131.46	124.88	162.75	79.55	81.38	198.67	164.32	136.92	151.19	142.52	141.80	93.46	128.32	134.70	149.37	50.87	0.00	103.03	121.43	137.10	137.94	82.52	124.96	169.83	172.03	139.28	169.94	124.29	115.54	118.99	181.02	163.47	111.91	144.98	116.97	93.07	151.35	92.75	165.49	85.82	90.66	109.76	61.99	67.56	67.74	83.86	49.07	123.18	139.12	129.85	76.16	80.98	107.94	69.66	38.45	37.02	101.95	174.14	101.82	147.36	162.17	155.49	197.51	79.92	133.75	197.03	139.04	186.07	77.82	88.95	128.45	167.07	94.65	104.45	193.51	189.67	100.94	89.90	150.41	174.28	186.00	152.52	180.71	149.69	158.76	107.69	161.02	125.76	180.05	184.53	114.38	159.38	90.88	122.41	127.23	175.93	178.05	173.57	175.88	159.35	198.51	139.27	143.77	142.74	133.93	90.55	140.98	141.69	89.57	138.61	92.32	102.43	155.26	135.83	180.52	121.72	189.25	127.46	90.74	103.50	96.49	77.69	88.86	191.87	164.46	98.39	131.71	187.11	103.15	95.06	91.14	94.45	135.50	264.98	108.26	122.05	88.04	158.86	83.91	174.55	141.25	104.11	92.88	188.85	69.21	173.44	122.34	140.95	190.41	179.16	186.37	198.42	121.03	128.78	190.97	129.37	197.83	175.91	183.81	148.76	110.54	122.47	160.45	73.99	129.15	119.07	165.36	134.51	106.23	107.39	170.29	109.00	163.62	126.39	94.16	146.92	159.49	139.20	151.20	155.08	185.16	124.16	134.89	84.54	123.26
