0.00	1409.44	1092.11	2909.56	1345.33	1469.00	153.56	3332.44	3332.44	3017.56	1780.00	1687.89	838.33	3217.44	3544.33	2203.00	2239.78	1085.33	3332.44	3332.44	859.22	935.11	257.22	3332.44	1701.33	3316.89	3332.44	3290.89	3285.89	2926.89	1122.22	3329.11	3332.44	2978.44	1709.89	10.44	3295.67	1759.89	3623.56	2616.22	3332.44	2422.78	1009.00	3332.44	2607.22	2563.33	2872.22	280.33	3332.44	3332.44	3332.44	3332.44	3332.44	3217.56	2826.33	3332.44	3319.56	2546.56	814.11	2977.89	3325.33	1751.44	2428.67	2896.89	2845.11	3332.44	1456.22	1300.67	3332.44	3333.44	3332.44	1567.44	3150.67	755.44	1644.67	3333.44	1211.56	1119.78	2747.67	2199.56	3332.44	1059.00	2505.78	2348.00	1666.33	3332.44	1649.89	608.89	2063.33	3010.78	1180.78	3329.56	75.56	1387.00	799.56	2209.89	2052.89	1146.44	2027.78	294.78	2109.33	1224.56	173.00	2079.33	2070.33	1216.89	1961.44	3333.44	2203.11	1058.11	2160.44	1883.78	1417.78	509.33	3332.44	3333.44	3333.44	1319.00	1279.89	1575.78	3333.44	1373.56	1036.89	1423.22	990.11	916.00	3332.44	3060.67	558.33	2394.67	2523.33	1708.78	2077.33	2118.22	913.22	979.78	615.56	130.89	2231.44	2663.22	2692.00	2006.33	1232.89	1409.78	959.33	2083.89	3333.44	2492.78	1639.44	3332.44	18.44	993.44	1709.33	3332.44	1542.89	3079.67	3332.44	1499.11	3332.44	2215.67	5038.11	262.11	1492.67	392.33	3333.44	728.56	1855.44	3332.44	1783.22	1648.67	56.11	3332.44	3051.78	379.44	1807.00	1484.33	2694.44	2190.00	2222.11	1745.67	2915.56	1648.00	3332.44	848.00	3219.22	3332.44	2684.11	1105.89	3022.44	3107.22	2177.78	1828.11	2032.11	1898.78	3165.67	973.44	2237.89	261.33
1409.44	0.00	2477.56	1524.11	2754.78	83.56	1263.89	1947.00	1947.00	1632.11	394.56	278.44	583.11	1832.00	4929.78	801.56	3625.22	2494.78	1947.00	1947.00	754.22	648.33	1164.22	1947.00	315.89	1931.44	1947.00	1905.44	1900.44	1531.44	2531.67	1943.67	1947.00	1593.00	318.44	1411.00	1910.22	3169.33	5033.00	1230.78	1947.00	1029.33	2418.44	1947.00	1197.78	1153.89	1462.78	1129.11	1947.00	1947.00	1947.00	1947.00	1947.00	1832.11	1420.89	1947.00	1934.11	1161.11	2223.56	1586.44	1939.89	366.00	1043.22	1503.44	1435.67	1947.00	70.78	122.78	1947.00	1948.00	1947.00	180.00	1765.22	654.00	259.22	1948.00	287.89	297.67	4157.11	814.11	1947.00	2468.44	3909.22	962.56	3075.78	1947.00	240.44	2018.33	677.89	1625.33	2590.22	1944.11	1333.89	28.44	609.89	824.44	661.44	283.00	642.33	1130.67	723.89	204.89	1252.44	693.89	684.89	210.56	576.00	1948.00	817.67	369.33	775.00	498.33	37.67	1904.78	1947.00	1948.00	1948.00	108.44	147.56	190.33	1948.00	53.89	392.56	37.78	419.33	495.44	1947.00	1675.22	1961.78	1009.22	1137.89	323.33	691.89	708.78	496.22	441.67	2025.00	1540.33	822.00	1257.78	1300.56	596.89	176.56	24.33	452.11	674.44	1948.00	1083.33	248.00	1947.00	1391.00	2402.89	299.89	1947.00	133.44	1670.22	1947.00	101.67	1947.00	806.22	6423.56	1671.56	2896.11	1033.11	1948.00	680.89	446.00	1947.00	373.78	251.22	1451.56	1947.00	1664.33	1040.00	397.56	98.89	1309.00	804.56	836.67	360.22	1530.11	3057.44	1947.00	561.44	1833.78	1947.00	1292.67	307.56	1637.00	1721.78	790.33	442.67	642.67	513.33	1780.22	2374.89	852.44	1152.11
1092.11	2477.56	0.00	4001.67	299.22	2561.11	1245.67	4424.56	4424.56	4109.67	2872.11	2734.00	1930.44	4309.56	2452.22	3279.11	1147.67	39.22	4424.56	4424.56	1905.33	1981.22	1313.33	4424.56	2793.44	4409.00	4424.56	4383.00	4378.00	4009.00	76.11	4421.22	4424.56	4070.56	2796.00	1102.56	4387.78	713.78	2577.44	3708.33	4424.56	3506.89	97.11	4424.56	3653.33	3609.44	3918.33	1350.44	4424.56	4424.56	4424.56	4424.56	4424.56	4309.67	3898.44	4424.56	4411.67	3638.67	280.00	4064.00	4417.44	2843.56	3520.78	3981.00	3913.22	4424.56	2548.33	2392.78	4424.56	4425.56	4424.56	2657.56	4242.78	1839.56	2736.78	4425.56	2257.67	2211.89	1701.56	3291.67	4424.56	39.11	1453.67	3440.11	620.22	4424.56	2696.00	503.22	3155.44	4102.89	134.67	4421.67	1161.67	2479.11	1867.67	3302.00	3139.00	2238.56	3119.89	1386.89	3201.44	2316.67	1265.11	3171.44	3162.44	2309.00	3053.56	4425.56	3295.22	2150.22	3252.56	2975.89	2463.89	582.78	4424.56	4425.56	4425.56	2411.11	2372.00	2667.89	4425.56	2465.67	2129.00	2515.33	2078.22	2008.11	4424.56	4152.78	533.78	3486.78	3615.44	2800.89	3169.44	3184.33	1995.33	2071.89	482.56	971.22	3277.56	3735.33	3778.11	3052.44	2325.00	2501.89	2051.44	3130.00	4425.56	3538.89	2725.56	4424.56	1108.56	110.67	2771.44	4424.56	2609.00	4133.78	4424.56	2579.22	4424.56	3271.78	3946.00	844.00	440.56	1484.44	4425.56	1806.67	2901.56	4424.56	2851.33	2728.78	1036.00	4424.56	4141.89	1437.56	2853.11	2576.44	3786.56	3282.11	3314.22	2837.78	4007.67	601.89	4424.56	1938.11	4311.33	4424.56	3770.22	2170.00	4114.56	4199.33	3267.89	2920.22	3120.22	2990.89	4257.78	118.67	3330.00	1353.44
2909.56	1524.11	4001.67	0.00	4244.89	1448.56	2756.00	422.89	422.89	108.00	1133.56	1517.67	2073.22	307.89	6453.89	722.56	5149.33	3984.89	422.89	422.89	2278.33	2172.44	2688.33	422.89	1208.22	407.33	422.89	381.33	378.33	27.33	4021.78	419.56	422.89	68.89	1205.67	2901.11	386.11	4659.44	6523.11	293.33	422.89	494.78	3908.56	422.89	352.33	402.22	147.33	2651.22	422.89	422.89	422.89	422.89	422.89	308.00	103.22	422.89	410.00	369.00	3721.67	78.33	415.78	1166.11	484.89	20.67	88.44	422.89	1453.33	1612.89	422.89	423.89	422.89	1344.11	241.11	2162.11	1270.89	423.89	1812.00	1789.78	5651.22	714.00	422.89	3962.56	5415.33	561.56	4565.89	422.89	1325.67	3508.44	854.22	101.22	4080.33	420.00	2840.00	1522.56	2134.00	707.67	862.67	1773.11	891.78	2620.78	810.22	1695.00	2742.56	840.22	841.22	1700.67	958.11	423.89	716.44	1859.44	755.11	1035.78	1561.78	3418.89	422.89	423.89	423.89	1598.56	1637.67	1341.78	423.89	1544.00	1882.67	1496.33	1923.44	1993.56	422.89	161.11	3467.89	520.89	386.22	1202.78	832.22	817.33	2006.33	1931.78	3519.11	3030.44	744.11	266.33	223.56	1093.22	1676.67	1499.78	1950.22	1117.67	423.89	584.78	1276.11	422.89	2893.11	3893.00	1230.22	422.89	1392.67	180.11	422.89	1422.44	422.89	729.89	7947.67	3161.67	4402.22	2523.22	423.89	2195.00	1118.11	422.89	1150.33	1272.89	2965.67	422.89	152.22	2564.11	1206.56	1425.22	215.11	719.56	687.44	1173.89	12.00	4547.56	422.89	2063.56	311.67	422.89	231.44	1831.67	114.89	197.67	733.78	1089.44	881.44	1010.78	256.11	3883.00	671.67	2648.22
1345.33	2754.78	299.22	4244.89	0.00	2800.33	1490.89	4663.78	4663.78	4348.89	3111.33	3033.22	2171.67	4548.78	2213.00	3548.33	908.44	264.00	4663.78	4663.78	2204.56	2280.44	1602.56	4663.78	3042.67	4652.22	4663.78	4622.22	4623.22	4272.22	227.11	4660.44	4663.78	4309.78	3055.22	1343.78	4627.00	414.56	2280.22	3951.56	4663.78	3768.11	336.33	4663.78	3952.56	3908.67	4217.56	1625.67	4663.78	4663.78	4663.78	4663.78	4663.78	4550.89	4171.67	4663.78	4650.89	3877.89	531.22	4323.22	4656.67	3082.78	3760.00	4242.22	4190.44	4663.78	2791.56	2632.00	4663.78	4664.78	4663.78	2912.78	4482.00	2100.78	2976.00	4664.78	2556.89	2457.11	1410.33	3530.89	4663.78	286.33	1174.44	3689.33	321.00	4663.78	2995.22	742.44	3394.67	4342.11	164.56	4660.89	1420.89	2726.33	2144.89	3541.22	3398.22	2477.78	3359.11	1626.11	3440.67	2555.89	1504.33	3410.67	3403.67	2548.22	3292.78	4664.78	3534.44	2389.44	3491.78	3215.11	2763.11	850.00	4663.78	4664.78	4664.78	2650.33	2611.22	2907.11	4664.78	2704.89	2368.22	2754.56	2335.44	2259.33	4663.78	4406.00	793.00	3726.00	3868.67	3042.11	3414.67	3463.56	2258.56	2313.11	729.78	1214.44	3576.78	4008.56	4037.33	3351.67	2578.22	2753.11	2302.67	3429.22	4664.78	3838.11	2984.78	4663.78	1363.78	351.89	3054.67	4663.78	2888.22	4425.00	4663.78	2844.44	4663.78	3561.00	3706.78	1083.22	161.33	1723.67	4664.78	2073.89	3200.78	4663.78	3128.56	2994.00	1303.22	4663.78	4397.11	1724.78	3152.33	2821.67	4031.78	3535.33	3561.44	3077.00	4256.89	302.67	4663.78	2193.33	4556.56	4663.78	4029.44	2451.22	4359.78	4442.56	3523.11	3159.44	3377.44	3240.11	4497.00	379.89	3583.22	1602.67
1469.00	83.56	2561.11	1448.56	2800.33	0.00	1315.44	1863.44	1863.44	1548.56	315.00	236.89	630.67	1748.44	5013.33	752.00	3708.78	2536.33	1863.44	1863.44	837.78	731.89	1247.78	1863.44	246.33	1855.89	1863.44	1821.89	1826.89	1475.89	2573.22	1862.11	1863.44	1511.44	258.89	1458.56	1826.67	3210.89	5080.56	1155.22	1863.44	971.78	2464.00	1863.44	1156.22	1112.33	1421.22	1210.67	1863.44	1863.44	1863.44	1863.44	1863.44	1754.56	1375.33	1863.44	1852.56	1079.56	2281.11	1526.89	1856.33	282.44	963.67	1445.89	1394.11	1863.44	12.78	168.33	1863.44	1864.44	1863.44	116.44	1681.67	721.56	177.67	1864.44	371.44	349.22	4210.67	734.56	1863.44	2522.00	3974.78	893.00	3119.33	1863.44	198.89	2059.89	594.33	1541.78	2637.78	1860.56	1399.44	82.00	693.44	740.89	601.89	324.56	558.78	1174.22	640.33	246.44	1296.00	610.33	607.33	252.11	492.44	1864.44	734.11	410.89	693.44	414.78	121.22	1978.33	1863.44	1864.44	1864.44	150.00	189.11	106.78	1864.44	95.44	434.11	47.78	482.89	553.00	1863.44	1609.67	2027.33	927.67	1072.33	245.78	618.33	667.22	565.78	489.22	2078.56	1589.89	780.44	1212.22	1241.00	555.33	236.11	59.22	509.67	632.89	1864.44	1041.78	188.44	1863.44	1452.56	2450.44	258.33	1863.44	91.89	1628.67	1863.44	48.11	1863.44	764.67	6507.11	1717.11	2961.67	1076.67	1864.44	754.44	404.44	1863.44	332.22	197.67	1525.11	1863.44	1600.78	1123.56	356.00	25.33	1235.44	739.00	765.11	276.67	1460.56	3099.00	1863.44	623.00	1760.22	1863.44	1233.11	391.11	1563.44	1646.22	726.78	359.11	581.11	443.78	1698.67	2442.44	786.89	1207.67
153.56	1263.89	1245.67	2756.00	1490.89	1315.44	0.00	3178.89	3178.89	2864.00	1626.44	1542.33	684.78	3063.89	3697.89	2057.44	2393.33	1230.89	3178.89	3178.89	713.67	789.56	111.67	3178.89	1551.78	3163.33	3178.89	3137.33	3132.33	2781.33	1267.78	3175.56	3178.89	2824.89	1564.33	147.11	3142.11	1905.44	3769.11	2462.67	3178.89	2277.22	1154.56	3178.89	2461.67	2417.78	2726.67	134.78	3178.89	3178.89	3178.89	3178.89	3178.89	3064.00	2680.78	3178.89	3166.00	2393.00	965.67	2832.33	3171.78	1597.89	2275.11	2751.33	2699.56	3178.89	1302.67	1147.11	3178.89	3179.89	3178.89	1421.89	2997.11	609.89	1491.11	3179.89	1066.00	966.22	2895.22	2046.00	3178.89	1206.56	2659.33	2198.44	1811.89	3178.89	1504.33	754.44	1909.78	2857.22	1326.33	3176.00	84.00	1235.44	654.00	2056.33	1907.33	992.89	1874.22	141.22	1955.78	1071.00	19.44	1925.78	1916.78	1063.33	1807.89	3179.89	2049.56	904.56	2006.89	1730.22	1272.22	662.89	3178.89	3179.89	3179.89	1165.44	1126.33	1422.22	3179.89	1220.00	883.33	1269.67	844.56	768.44	3178.89	2915.11	711.89	2241.11	2377.78	1555.22	1923.78	1972.67	767.67	826.22	763.11	276.44	2085.89	2517.67	2546.44	1860.78	1087.33	1262.22	811.78	1938.33	3179.89	2347.22	1493.89	3178.89	137.11	1139.00	1563.78	3178.89	1397.33	2934.11	3178.89	1353.56	3178.89	2070.11	5191.67	407.67	1646.22	238.78	3179.89	583.00	1709.89	3178.89	1637.67	1503.11	209.67	3178.89	2906.22	233.89	1661.44	1330.78	2540.89	2044.44	2070.56	1592.11	2766.00	1793.56	3178.89	702.44	3065.67	3178.89	2538.56	960.33	2868.89	2953.67	2032.22	1674.56	1886.56	1749.22	3012.11	1127.00	2092.33	111.78
3332.44	1947.00	4424.56	422.89	4663.78	1863.44	3178.89	0.00	0.00	314.89	1552.44	1940.56	2494.11	115.00	6876.78	1145.44	5572.22	4399.78	0.00	0.00	2701.22	2595.33	3111.22	0.00	1631.11	15.56	0.00	41.56	46.56	415.56	4436.67	3.33	0.00	354.00	1628.56	3322.00	36.78	5074.33	6944.00	716.22	0.00	917.67	4327.44	0.00	775.22	825.11	570.22	3074.11	0.00	0.00	0.00	0.00	0.00	114.89	526.11	0.00	12.89	785.89	4144.56	360.56	7.11	1581.00	903.78	443.56	511.33	0.00	1876.22	2031.78	0.00	1.00	0.00	1767.00	181.78	2585.00	1687.78	1.00	2234.89	2212.67	6074.11	1132.89	0.00	4385.44	5838.22	984.44	4982.78	0.00	1748.56	3921.33	1269.11	321.67	4501.22	2.89	3262.89	1945.44	2556.89	1122.56	1285.56	2186.00	1304.67	3037.67	1223.11	2107.89	3159.44	1253.11	1262.11	2115.56	1371.00	1.00	1129.33	2274.33	1172.00	1448.67	1984.67	3841.78	0.00	1.00	1.00	2013.44	2052.56	1756.67	1.00	1958.89	2295.56	1909.22	2346.33	2416.44	0.00	271.78	3890.78	937.78	809.11	1623.67	1255.11	1240.22	2429.22	2352.67	3942.00	3453.33	1167.00	689.22	646.44	1516.11	2099.56	1922.67	2373.11	1540.56	1.00	1007.67	1699.00	0.00	3316.00	4313.89	1653.11	0.00	1815.56	290.78	0.00	1845.33	0.00	1152.78	8370.56	3580.56	4825.11	2940.11	1.00	2617.89	1541.00	0.00	1573.22	1695.78	3388.56	0.00	282.67	2987.00	1629.44	1848.11	638.00	1142.44	1110.33	1586.78	416.89	4962.44	0.00	2486.44	113.22	0.00	654.33	2254.56	310.00	225.22	1156.67	1504.33	1304.33	1433.67	166.78	4305.89	1094.56	3071.11
3332.44	1947.00	4424.56	422.89	4663.78	1863.44	3178.89	0.00	0.00	314.89	1552.44	1940.56	2494.11	115.00	6876.78	1145.44	5572.22	4399.78	0.00	0.00	2701.22	2595.33	3111.22	0.00	1631.11	15.56	0.00	41.56	46.56	415.56	4436.67	3.33	0.00	354.00	1628.56	3322.00	36.78	5074.33	6944.00	716.22	0.00	917.67	4327.44	0.00	775.22	825.11	570.22	3074.11	0.00	0.00	0.00	0.00	0.00	114.89	526.11	0.00	12.89	785.89	4144.56	360.56	7.11	1581.00	903.78	443.56	511.33	0.00	1876.22	2031.78	0.00	1.00	0.00	1767.00	181.78	2585.00	1687.78	1.00	2234.89	2212.67	6074.11	1132.89	0.00	4385.44	5838.22	984.44	4982.78	0.00	1748.56	3921.33	1269.11	321.67	4501.22	2.89	3262.89	1945.44	2556.89	1122.56	1285.56	2186.00	1304.67	3037.67	1223.11	2107.89	3159.44	1253.11	1262.11	2115.56	1371.00	1.00	1129.33	2274.33	1172.00	1448.67	1984.67	3841.78	0.00	1.00	1.00	2013.44	2052.56	1756.67	1.00	1958.89	2295.56	1909.22	2346.33	2416.44	0.00	271.78	3890.78	937.78	809.11	1623.67	1255.11	1240.22	2429.22	2352.67	3942.00	3453.33	1167.00	689.22	646.44	1516.11	2099.56	1922.67	2373.11	1540.56	1.00	1007.67	1699.00	0.00	3316.00	4313.89	1653.11	0.00	1815.56	290.78	0.00	1845.33	0.00	1152.78	8370.56	3580.56	4825.11	2940.11	1.00	2617.89	1541.00	0.00	1573.22	1695.78	3388.56	0.00	282.67	2987.00	1629.44	1848.11	638.00	1142.44	1110.33	1586.78	416.89	4962.44	0.00	2486.44	113.22	0.00	654.33	2254.56	310.00	225.22	1156.67	1504.33	1304.33	1433.67	166.78	4305.89	1094.56	3071.11
3017.56	1632.11	4109.67	108.00	4348.89	1548.56	2864.00	314.89	314.89	0.00	1237.56	1625.67	2179.22	199.89	6561.89	830.56	5257.33	4084.89	314.89	314.89	2386.33	2280.44	2796.33	314.89	1316.22	307.33	314.89	273.33	278.33	100.67	4121.78	313.56	314.89	39.11	1313.67	3007.11	278.11	4759.44	6629.11	401.33	314.89	602.78	4012.56	314.89	460.33	510.22	255.33	2759.22	314.89	314.89	314.89	314.89	314.89	206.00	211.22	314.89	304.00	471.00	3829.67	45.67	307.78	1266.11	588.89	128.67	196.44	314.89	1561.33	1716.89	314.89	315.89	314.89	1452.11	133.11	2270.11	1372.89	315.89	1920.00	1897.78	5759.22	818.00	314.89	4070.56	5523.33	669.56	4667.89	314.89	1433.67	3608.44	954.22	8.78	4186.33	312.00	2948.00	1630.56	2242.00	807.67	970.67	1873.11	991.78	2722.78	910.22	1795.00	2844.56	940.22	947.22	1800.67	1058.11	315.89	816.44	1959.44	857.11	1135.78	1669.78	3526.89	314.89	315.89	315.89	1698.56	1737.67	1441.78	315.89	1644.00	1982.67	1596.33	2031.44	2101.56	314.89	61.11	3575.89	622.89	494.22	1308.78	940.22	925.33	2114.33	2037.78	3627.11	3138.44	852.11	374.33	331.56	1201.22	1784.67	1607.78	2058.22	1225.67	315.89	692.78	1384.11	314.89	3001.11	3999.00	1338.22	314.89	1500.67	80.11	314.89	1530.44	314.89	837.89	8055.67	3265.67	4510.22	2625.22	315.89	2303.00	1226.11	314.89	1258.33	1380.89	3073.67	314.89	52.22	2672.11	1314.56	1533.22	323.11	827.56	795.44	1273.89	102.00	4647.56	314.89	2171.56	211.67	314.89	339.44	1939.67	14.89	97.67	841.78	1189.44	989.44	1118.78	150.11	3991.00	779.67	2756.22
1780.00	394.56	2872.11	1133.56	3111.33	315.00	1626.44	1552.44	1552.44	1237.56	0.00	388.11	941.67	1437.44	5324.33	437.00	4019.78	2851.33	1552.44	1552.44	1148.78	1042.89	1558.78	1552.44	78.67	1540.89	1552.44	1510.89	1511.89	1160.89	2888.22	1549.11	1552.44	1198.44	76.11	1769.56	1515.67	3525.89	5391.56	840.22	1552.44	656.78	2775.00	1552.44	841.22	797.33	1106.22	1521.67	1552.44	1552.44	1552.44	1552.44	1552.44	1439.56	1060.33	1552.44	1539.56	766.56	2592.11	1211.89	1545.33	32.56	648.67	1130.89	1079.11	1552.44	323.78	479.33	1552.44	1553.44	1552.44	214.56	1370.67	1032.56	137.33	1553.44	682.44	660.22	4521.67	419.56	1552.44	2833.00	4285.78	578.00	3432.33	1552.44	196.11	2374.89	283.33	1230.78	2948.78	1549.56	1710.44	393.00	1004.44	429.89	286.89	639.56	247.78	1487.22	329.33	561.44	1609.00	299.33	292.33	567.11	181.44	1553.44	423.11	725.89	380.44	103.78	432.22	2289.33	1552.44	1553.44	1553.44	465.00	504.11	208.22	1553.44	410.44	749.11	362.78	793.89	864.00	1552.44	1294.67	2338.33	614.67	757.33	71.22	303.33	352.22	876.78	800.22	2389.56	1900.89	465.44	897.22	926.00	240.33	547.11	370.22	820.67	317.89	1553.44	726.78	146.56	1552.44	1763.56	2761.44	100.67	1552.44	263.11	1313.67	1552.44	292.89	1552.44	449.67	6818.11	2028.11	3272.67	1389.67	1553.44	1065.44	89.44	1552.44	20.78	143.33	1836.11	1552.44	1285.78	1434.56	77.00	295.67	920.44	424.00	450.11	40.33	1145.56	3414.00	1552.44	934.00	1445.22	1552.44	918.11	702.11	1248.44	1331.22	411.78	48.11	266.11	128.78	1385.67	2753.44	471.89	1518.67
1687.89	278.44	2734.00	1517.67	3033.22	236.89	1542.33	1940.56	1940.56	1625.67	388.11	0.00	861.56	1825.56	5146.22	795.11	3861.67	2773.22	1940.56	1940.56	828.67	752.78	1430.67	1940.56	309.44	1925.00	1940.56	1899.00	1894.00	1525.00	2810.11	1937.22	1940.56	1586.56	312.00	1689.44	1903.78	3447.78	5311.44	1224.33	1940.56	1022.89	2696.89	1940.56	1165.33	1115.44	1370.33	1407.56	1940.56	1940.56	1940.56	1940.56	1940.56	1825.67	1414.44	1940.56	1927.67	1154.67	2502.00	1580.00	1933.44	359.56	1036.78	1497.00	1429.22	1940.56	241.67	401.22	1940.56	1941.56	1940.56	173.56	1758.78	932.44	252.78	1941.56	476.33	576.11	4435.56	807.67	1940.56	2746.89	4187.67	956.11	3354.22	1940.56	192.00	2296.78	671.44	1618.89	2868.67	1937.67	1612.33	306.89	888.33	818.00	655.00	561.44	635.89	1409.11	717.44	483.33	1530.89	687.44	678.44	489.00	569.56	1941.56	811.22	647.78	768.56	491.89	270.11	2183.22	1940.56	1941.56	1941.56	386.89	426.00	183.89	1941.56	332.33	671.00	284.67	697.78	773.89	1940.56	1668.78	2240.22	1002.78	1131.44	316.89	685.44	700.33	774.67	720.11	2303.44	1818.78	773.56	1251.33	1294.11	424.44	455.00	280.11	730.56	400.00	1941.56	932.89	241.56	1940.56	1669.44	2681.33	287.44	1940.56	145.00	1649.78	1940.56	188.78	1940.56	787.78	6600.00	1950.00	3174.56	1311.56	1941.56	959.33	399.56	1940.56	367.33	244.78	1730.00	1940.56	1657.89	1308.44	311.11	211.56	1302.56	798.11	830.22	353.78	1523.67	3335.89	1940.56	839.89	1827.33	1940.56	1286.22	582.00	1630.56	1715.33	783.89	436.22	636.22	506.89	1773.78	2653.33	846.00	1430.56
838.33	583.11	1930.44	2073.22	2171.67	630.67	684.78	2494.11	2494.11	2179.22	941.67	861.56	0.00	2379.11	4382.67	1376.67	3078.11	1911.67	2494.11	2494.11	207.11	108.78	617.11	2494.11	871.00	2480.56	2494.11	2452.56	2451.56	2100.56	1948.56	2490.78	2494.11	2140.11	883.56	827.89	2457.33	2586.22	4449.89	1779.89	2494.11	1596.44	1835.33	2494.11	1780.89	1737.00	2045.89	580.00	2494.11	2494.11	2494.11	2494.11	2494.11	2379.22	2000.00	2494.11	2481.22	1708.22	1650.44	2151.56	2487.00	913.11	1590.33	2070.56	2018.78	2494.11	619.89	462.33	2494.11	2495.11	2494.11	741.11	2312.33	90.89	806.33	2495.11	385.22	285.44	3580.00	1361.22	2494.11	1891.33	3344.11	1517.67	2492.67	2494.11	823.56	1435.22	1225.00	2172.44	2007.11	2491.22	768.78	554.67	62.78	1371.56	1226.56	308.11	1189.44	547.56	1271.00	386.22	669.33	1241.00	1232.00	378.56	1123.11	2495.11	1364.78	219.78	1322.11	1045.44	591.44	1347.67	2494.11	2495.11	2495.11	480.67	441.56	737.44	2495.11	535.22	198.56	584.89	163.78	87.67	2494.11	2234.33	1396.67	1556.33	1697.00	870.44	1243.00	1291.89	86.89	141.44	1447.89	959.22	1405.11	1836.89	1865.67	1180.00	406.56	581.44	131.00	1257.56	2495.11	1666.44	813.11	2494.11	821.89	1819.78	883.00	2494.11	716.56	2253.33	2494.11	672.78	2494.11	1389.33	5876.44	1088.44	2331.00	450.00	2495.11	123.78	1029.11	2494.11	956.89	822.33	894.44	2494.11	2225.44	492.89	980.67	650.00	1860.11	1363.67	1389.78	907.33	2085.22	2474.33	2494.11	21.67	2384.89	2494.11	1857.78	279.56	2188.11	2270.89	1351.44	989.78	1205.78	1068.44	2327.33	1811.78	1411.56	577.00
3217.44	1832.00	4309.56	307.89	4548.78	1748.44	3063.89	115.00	115.00	199.89	1437.44	1825.56	2379.11	0.00	6761.78	1030.44	5457.22	4284.78	115.00	115.00	2586.22	2480.33	2996.22	115.00	1516.11	107.44	115.00	73.44	78.44	300.56	4321.67	113.67	115.00	239.00	1513.56	3207.00	78.22	4959.33	6829.00	601.22	115.00	802.67	4212.44	115.00	660.22	710.11	455.22	2959.11	115.00	115.00	115.00	115.00	115.00	6.11	411.11	115.00	104.11	670.89	4029.56	245.56	107.89	1466.00	788.78	328.56	396.33	115.00	1761.22	1916.78	115.00	116.00	115.00	1652.00	66.78	2470.00	1572.78	116.00	2119.89	2097.67	5959.11	1017.89	115.00	4270.44	5723.22	869.44	4867.78	115.00	1633.56	3808.33	1154.11	208.67	4386.22	112.11	3147.89	1830.44	2441.89	1007.56	1170.56	2073.00	1191.67	2922.67	1110.11	1994.89	3044.44	1140.11	1147.11	2000.56	1258.00	116.00	1016.33	2159.33	1057.00	1335.67	1869.67	3726.78	115.00	116.00	116.00	1898.44	1937.56	1641.67	116.00	1843.89	2182.56	1796.22	2231.33	2301.44	115.00	156.78	3775.78	822.78	694.11	1508.67	1140.11	1125.22	2314.22	2237.67	3827.00	3338.33	1052.00	574.22	531.44	1401.11	1984.56	1807.67	2258.11	1425.56	116.00	892.67	1584.00	115.00	3201.00	4198.89	1538.11	115.00	1700.56	175.78	115.00	1730.33	115.00	1037.78	8255.56	3465.56	4710.11	2825.11	116.00	2502.89	1426.00	115.00	1458.22	1580.78	3273.56	115.00	167.67	2872.00	1514.44	1733.11	523.00	1027.44	995.33	1473.78	301.89	4847.44	115.00	2371.44	11.78	115.00	539.33	2139.56	195.00	110.22	1041.67	1389.33	1189.33	1318.67	51.78	4190.89	979.56	2956.11
3544.33	4929.78	2452.22	6453.89	2213.00	5013.33	3697.89	6876.78	6876.78	6561.89	5324.33	5146.22	4382.67	6761.78	0.00	5731.33	1304.56	2477.00	6876.78	6876.78	4317.56	4393.44	3765.56	6876.78	5245.67	6861.22	6876.78	6835.22	6830.22	6461.22	2440.11	6873.44	6876.78	6522.78	5248.22	3554.78	6840.00	1802.44	165.22	6160.56	6876.78	5959.11	2549.33	6876.78	6101.56	6051.67	6330.56	3802.67	6876.78	6876.78	6876.78	6876.78	6876.78	6761.89	6350.67	6876.78	6863.89	6090.89	2732.22	6516.22	6869.67	5295.78	5973.00	6433.22	6365.44	6876.78	5000.56	4845.00	6876.78	6877.78	6876.78	5109.78	6695.00	4291.78	5189.00	6877.78	4669.89	4664.11	802.67	5743.89	6876.78	2491.33	1038.56	5892.33	1894.00	6876.78	5128.22	2955.44	5607.67	6555.11	2375.56	6873.89	3613.89	4931.33	4319.89	5754.22	5591.22	4690.78	5572.11	3839.11	5653.67	4768.89	3717.33	5623.67	5614.67	4761.22	5505.78	6877.78	5747.44	4602.44	5704.78	5428.11	4892.11	3035.00	6876.78	6877.78	6877.78	4863.33	4824.22	5120.11	6877.78	4917.89	4581.22	4967.56	4530.44	4460.33	6876.78	6605.00	2986.00	5939.00	6067.67	5253.11	5621.67	5636.56	4447.56	4524.11	2934.78	3423.44	5709.78	6187.56	6230.33	5464.67	4777.22	4954.11	4503.67	5542.22	6877.78	5951.11	5177.78	6876.78	3560.78	2562.89	5223.67	6876.78	5061.22	6586.00	6876.78	5031.44	6876.78	5724.00	1493.78	3296.22	2051.67	3936.67	6877.78	4258.89	5335.78	6876.78	5303.56	5181.00	3488.22	6876.78	6594.11	3889.78	5265.33	5028.67	6238.78	5734.33	5766.44	5290.00	6459.89	1914.33	6876.78	4390.33	6763.56	6876.78	6222.44	4622.22	6566.78	6651.56	5720.11	5372.44	5572.44	5443.11	6710.00	2570.89	5782.22	3805.67
2203.00	801.56	3279.11	722.56	3548.33	752.00	2057.44	1145.44	1145.44	830.56	437.00	795.11	1376.67	1030.44	5731.33	0.00	4426.78	3288.33	1145.44	1145.44	1555.78	1449.89	1965.78	1145.44	505.67	1129.89	1145.44	1103.89	1098.89	729.89	3325.22	1142.11	1145.44	791.44	493.11	2204.56	1108.67	3962.89	5826.56	429.22	1145.44	227.78	3212.00	1145.44	404.22	360.33	669.22	1928.67	1145.44	1145.44	1145.44	1145.44	1145.44	1030.56	623.33	1145.44	1132.56	359.56	3017.11	784.89	1138.33	469.56	241.67	701.89	642.11	1145.44	756.78	916.33	1145.44	1146.44	1145.44	635.56	963.67	1447.56	574.33	1146.44	1089.44	1091.22	4950.67	17.44	1145.44	3262.00	4702.78	161.00	3869.33	1145.44	603.11	2811.89	157.67	823.78	3383.78	1142.56	2127.44	822.00	1411.44	22.89	150.11	1076.56	195.22	1924.22	113.67	998.44	2046.00	143.67	144.67	1004.11	261.56	1146.44	19.89	1162.89	58.56	339.22	839.22	2698.33	1145.44	1146.44	1146.44	902.00	941.11	645.22	1146.44	847.44	1186.11	799.78	1212.89	1289.00	1145.44	873.67	2755.33	207.67	336.33	506.22	133.67	94.78	1289.78	1235.22	2818.56	2333.89	28.44	460.22	499.00	370.67	970.11	795.22	1245.67	395.11	1146.44	289.78	563.56	1145.44	2184.56	3196.44	507.67	1145.44	670.11	876.67	1145.44	703.89	1145.44	12.67	7225.11	2465.11	3689.67	1826.67	1146.44	1474.44	395.56	1145.44	427.78	554.33	2245.11	1145.44	862.78	1841.56	484.00	726.67	507.44	13.00	35.11	477.33	728.56	3851.00	1145.44	1355.00	1032.22	1145.44	491.11	1109.11	835.44	920.22	25.22	392.89	170.89	308.22	978.67	3168.44	50.89	1945.67
2239.78	3625.22	1147.67	5149.33	908.44	3708.78	2393.33	5572.22	5572.22	5257.33	4019.78	3861.67	3078.11	5457.22	1304.56	4426.78	0.00	1172.44	5572.22	5572.22	3033.00	3108.89	2461.00	5572.22	3941.11	5556.67	5572.22	5530.67	5525.67	5156.67	1135.56	5568.89	5572.22	5218.22	3943.67	2250.22	5535.44	497.89	1449.78	4856.00	5572.22	4654.56	1244.78	5572.22	4797.00	4747.11	5046.00	2498.11	5572.22	5572.22	5572.22	5572.22	5572.22	5457.33	5046.11	5572.22	5559.33	4786.33	1427.67	5211.67	5565.11	3991.22	4668.44	5128.67	5060.89	5572.22	3696.00	3540.44	5572.22	5573.22	5572.22	3805.22	5390.44	2987.22	3884.44	5573.22	3385.33	3359.56	573.89	4439.33	5572.22	1186.78	326.00	4587.78	589.44	5572.22	3823.67	1650.89	4303.11	5250.56	1071.00	5569.33	2309.33	3626.78	3015.33	4449.67	4286.67	3386.22	4267.56	2534.56	4349.11	3464.33	2412.78	4319.11	4310.11	3456.67	4201.22	5573.22	4442.89	3297.89	4400.22	4123.56	3591.56	1730.44	5572.22	5573.22	5573.22	3558.78	3519.67	3815.56	5573.22	3613.33	3276.67	3663.00	3225.89	3155.78	5572.22	5300.44	1681.44	4634.44	4763.11	3948.56	4317.11	4332.00	3143.00	3219.56	1630.22	2118.89	4405.22	4883.00	4925.78	4180.11	3472.67	3649.56	3199.11	4257.67	5573.22	4666.56	3873.22	5572.22	2256.22	1258.33	3919.11	5572.22	3756.67	5281.44	5572.22	3726.89	5572.22	4419.44	2798.33	1991.67	747.11	2632.11	5573.22	2954.33	4031.22	5572.22	3999.00	3876.44	2183.67	5572.22	5289.56	2585.22	3980.78	3724.11	4934.22	4429.78	4461.89	3985.44	5155.33	609.78	5572.22	3085.78	5459.00	5572.22	4917.89	3317.67	5262.22	5347.00	4415.56	4067.89	4267.89	4138.56	5405.44	1266.33	4477.67	2501.11
1085.33	2494.78	39.22	3984.89	264.00	2536.33	1230.89	4399.78	4399.78	4084.89	2851.33	2773.22	1911.67	4284.78	2477.00	3288.33	1172.44	0.00	4399.78	4399.78	1944.56	2020.44	1342.56	4399.78	2782.67	4392.22	4399.78	4358.22	4363.22	4012.22	36.89	4398.44	4399.78	4047.78	2795.22	1083.78	4363.00	674.56	2544.22	3691.56	4399.78	3508.11	76.33	4399.78	3692.56	3648.67	3957.56	1365.67	4399.78	4399.78	4399.78	4399.78	4399.78	4290.89	3911.67	4399.78	4388.89	3615.89	271.22	4063.22	4392.67	2818.78	3500.00	3982.22	3930.44	4399.78	2531.56	2372.00	4399.78	4400.78	4399.78	2652.78	4218.00	1840.78	2714.00	4400.78	2296.89	2197.11	1674.33	3270.89	4399.78	26.33	1438.44	3429.33	583.00	4399.78	2735.22	478.44	3130.67	4078.11	101.44	4396.89	1160.89	2466.33	1884.89	3277.22	3138.22	2213.78	3095.11	1364.11	3176.67	2291.89	1242.33	3146.67	3143.67	2284.22	3028.78	4400.78	3270.44	2125.44	3229.78	2951.11	2503.11	590.00	4399.78	4400.78	4400.78	2386.33	2347.22	2643.11	4400.78	2440.89	2104.22	2490.56	2075.44	1999.33	4399.78	4146.00	533.00	3464.00	3608.67	2782.11	3154.67	3203.56	1998.56	2053.11	469.78	954.44	3316.78	3748.56	3777.33	3091.67	2318.22	2493.11	2042.67	3169.22	4400.78	3578.11	2724.78	4399.78	1103.78	91.89	2794.67	4399.78	2628.22	4165.00	4399.78	2584.44	4399.78	3301.00	3970.78	823.22	425.33	1461.67	4400.78	1813.89	2940.78	4399.78	2868.56	2734.00	1043.22	4399.78	4137.11	1464.78	2892.33	2561.67	3771.78	3275.33	3301.44	2813.00	3996.89	562.67	4399.78	1933.33	4296.56	4399.78	3769.44	2191.22	4099.78	4182.56	3263.11	2895.44	3117.44	2980.11	4235.00	119.89	3323.22	1342.67
3332.44	1947.00	4424.56	422.89	4663.78	1863.44	3178.89	0.00	0.00	314.89	1552.44	1940.56	2494.11	115.00	6876.78	1145.44	5572.22	4399.78	0.00	0.00	2701.22	2595.33	3111.22	0.00	1631.11	15.56	0.00	41.56	46.56	415.56	4436.67	3.33	0.00	354.00	1628.56	3322.00	36.78	5074.33	6944.00	716.22	0.00	917.67	4327.44	0.00	775.22	825.11	570.22	3074.11	0.00	0.00	0.00	0.00	0.00	114.89	526.11	0.00	12.89	785.89	4144.56	360.56	7.11	1581.00	903.78	443.56	511.33	0.00	1876.22	2031.78	0.00	1.00	0.00	1767.00	181.78	2585.00	1687.78	1.00	2234.89	2212.67	6074.11	1132.89	0.00	4385.44	5838.22	984.44	4982.78	0.00	1748.56	3921.33	1269.11	321.67	4501.22	2.89	3262.89	1945.44	2556.89	1122.56	1285.56	2186.00	1304.67	3037.67	1223.11	2107.89	3159.44	1253.11	1262.11	2115.56	1371.00	1.00	1129.33	2274.33	1172.00	1448.67	1984.67	3841.78	0.00	1.00	1.00	2013.44	2052.56	1756.67	1.00	1958.89	2295.56	1909.22	2346.33	2416.44	0.00	271.78	3890.78	937.78	809.11	1623.67	1255.11	1240.22	2429.22	2352.67	3942.00	3453.33	1167.00	689.22	646.44	1516.11	2099.56	1922.67	2373.11	1540.56	1.00	1007.67	1699.00	0.00	3316.00	4313.89	1653.11	0.00	1815.56	290.78	0.00	1845.33	0.00	1152.78	8370.56	3580.56	4825.11	2940.11	1.00	2617.89	1541.00	0.00	1573.22	1695.78	3388.56	0.00	282.67	2987.00	1629.44	1848.11	638.00	1142.44	1110.33	1586.78	416.89	4962.44	0.00	2486.44	113.22	0.00	654.33	2254.56	310.00	225.22	1156.67	1504.33	1304.33	1433.67	166.78	4305.89	1094.56	3071.11
3332.44	1947.00	4424.56	422.89	4663.78	1863.44	3178.89	0.00	0.00	314.89	1552.44	1940.56	2494.11	115.00	6876.78	1145.44	5572.22	4399.78	0.00	0.00	2701.22	2595.33	3111.22	0.00	1631.11	15.56	0.00	41.56	46.56	415.56	4436.67	3.33	0.00	354.00	1628.56	3322.00	36.78	5074.33	6944.00	716.22	0.00	917.67	4327.44	0.00	775.22	825.11	570.22	3074.11	0.00	0.00	0.00	0.00	0.00	114.89	526.11	0.00	12.89	785.89	4144.56	360.56	7.11	1581.00	903.78	443.56	511.33	0.00	1876.22	2031.78	0.00	1.00	0.00	1767.00	181.78	2585.00	1687.78	1.00	2234.89	2212.67	6074.11	1132.89	0.00	4385.44	5838.22	984.44	4982.78	0.00	1748.56	3921.33	1269.11	321.67	4501.22	2.89	3262.89	1945.44	2556.89	1122.56	1285.56	2186.00	1304.67	3037.67	1223.11	2107.89	3159.44	1253.11	1262.11	2115.56	1371.00	1.00	1129.33	2274.33	1172.00	1448.67	1984.67	3841.78	0.00	1.00	1.00	2013.44	2052.56	1756.67	1.00	1958.89	2295.56	1909.22	2346.33	2416.44	0.00	271.78	3890.78	937.78	809.11	1623.67	1255.11	1240.22	2429.22	2352.67	3942.00	3453.33	1167.00	689.22	646.44	1516.11	2099.56	1922.67	2373.11	1540.56	1.00	1007.67	1699.00	0.00	3316.00	4313.89	1653.11	0.00	1815.56	290.78	0.00	1845.33	0.00	1152.78	8370.56	3580.56	4825.11	2940.11	1.00	2617.89	1541.00	0.00	1573.22	1695.78	3388.56	0.00	282.67	2987.00	1629.44	1848.11	638.00	1142.44	1110.33	1586.78	416.89	4962.44	0.00	2486.44	113.22	0.00	654.33	2254.56	310.00	225.22	1156.67	1504.33	1304.33	1433.67	166.78	4305.89	1094.56	3071.11
859.22	754.22	1905.33	2278.33	2204.56	837.78	713.67	2701.22	2701.22	2386.33	1148.78	828.67	207.11	2586.22	4317.56	1555.78	3033.00	1944.56	2701.22	2701.22	0.00	105.89	602.00	2701.22	1070.11	2685.67	2701.22	2659.67	2654.67	2285.67	1981.44	2697.89	2701.22	2347.22	1072.67	860.78	2664.44	2619.11	4482.78	1985.00	2701.22	1783.56	1868.22	2701.22	1926.00	1876.11	2131.00	578.89	2701.22	2701.22	2701.22	2701.22	2701.22	2586.33	2175.11	2701.22	2688.33	1915.33	1673.33	2340.67	2694.11	1120.22	1797.44	2257.67	2189.89	2701.22	825.00	669.44	2701.22	2702.22	2701.22	934.22	2519.44	116.22	1013.44	2702.22	466.33	488.56	3606.89	1568.33	2701.22	1918.22	3359.00	1716.78	2525.56	2701.22	952.67	1468.11	1432.11	2379.56	2040.00	2698.33	783.67	755.78	144.33	1578.67	1415.67	515.22	1396.56	580.44	1478.11	593.33	702.22	1448.11	1439.11	585.67	1330.22	2702.22	1571.89	426.89	1529.22	1252.56	716.56	1354.56	2701.22	2702.22	2702.22	687.78	648.67	944.56	2702.22	742.33	405.67	792.00	354.89	284.78	2701.22	2429.44	1411.56	1763.44	1892.11	1077.56	1446.11	1461.00	272.00	348.56	1474.78	990.11	1534.22	2012.00	2054.78	1185.11	601.67	778.56	328.11	1224.67	2702.22	1693.56	1002.22	2701.22	840.78	1852.67	1048.11	2701.22	885.67	2410.44	2701.22	855.89	2701.22	1548.44	5771.33	1121.33	2345.89	482.89	2702.22	130.67	1160.22	2701.22	1128.00	1005.44	901.33	2701.22	2418.56	479.78	1071.78	853.11	2063.22	1558.78	1590.89	1114.44	2284.33	2507.22	2701.22	214.78	2588.00	2701.22	2046.89	446.67	2391.22	2476.00	1544.56	1196.89	1396.89	1267.56	2534.44	1824.67	1606.67	601.89
935.11	648.33	1981.22	2172.44	2280.44	731.89	789.56	2595.33	2595.33	2280.44	1042.89	752.78	108.78	2480.33	4393.44	1449.89	3108.89	2020.44	2595.33	2595.33	105.89	0.00	677.89	2595.33	964.22	2579.78	2595.33	2553.78	2548.78	2179.78	2057.33	2592.00	2595.33	2241.33	966.78	936.67	2558.56	2695.00	4558.67	1879.11	2595.33	1677.67	1944.11	2595.33	1820.11	1770.22	2025.11	654.78	2595.33	2595.33	2595.33	2595.33	2595.33	2480.44	2069.22	2595.33	2582.44	1809.44	1749.22	2234.78	2588.22	1014.33	1691.56	2151.78	2084.00	2595.33	719.11	563.56	2595.33	2596.33	2595.33	828.33	2413.56	179.67	907.56	2596.33	360.44	382.67	3682.78	1462.44	2595.33	1994.11	3434.89	1610.89	2601.44	2595.33	846.78	1544.00	1326.22	2273.67	2115.89	2592.44	859.56	649.89	135.56	1472.78	1309.78	409.33	1290.67	656.33	1372.22	487.44	778.11	1342.22	1333.22	479.78	1224.33	2596.33	1466.00	321.00	1423.33	1146.67	610.67	1430.44	2595.33	2596.33	2596.33	581.89	542.78	838.67	2596.33	636.44	299.78	686.11	249.00	178.89	2595.33	2323.56	1487.44	1657.56	1786.22	971.67	1340.22	1355.11	166.11	242.67	1550.67	1066.00	1428.33	1906.11	1948.89	1079.22	495.78	672.67	222.22	1148.78	2596.33	1587.67	896.33	2595.33	916.67	1928.56	942.22	2595.33	779.78	2304.56	2595.33	750.00	2595.33	1442.56	5847.22	1197.22	2421.78	558.78	2596.33	206.56	1054.33	2595.33	1022.11	899.56	977.22	2595.33	2312.67	555.67	965.89	747.22	1957.33	1452.89	1485.00	1008.56	2178.44	2583.11	2595.33	108.89	2482.11	2595.33	1941.00	340.78	2285.33	2370.11	1438.67	1091.00	1291.00	1161.67	2428.56	1900.56	1500.78	677.78
257.22	1164.22	1313.33	2688.33	1602.56	1247.78	111.67	3111.22	3111.22	2796.33	1558.78	1430.67	617.11	2996.22	3765.56	1965.78	2461.00	1342.56	3111.22	3111.22	602.00	677.89	0.00	3111.22	1480.11	3095.67	3111.22	3069.67	3064.67	2695.67	1379.44	3107.89	3111.22	2757.22	1482.67	258.78	3074.44	2017.11	3880.78	2395.00	3111.22	2193.56	1266.22	3111.22	2350.00	2306.11	2615.00	37.11	3111.22	3111.22	3111.22	3111.22	3111.22	2996.33	2585.11	3111.22	3098.33	2325.33	1071.33	2750.67	3104.11	1530.22	2207.44	2667.67	2599.89	3111.22	1235.00	1079.44	3111.22	3112.22	3111.22	1344.22	2929.44	526.22	1423.44	3112.22	954.33	898.56	3004.89	1978.33	3111.22	1316.22	2757.00	2126.78	1923.56	3111.22	1392.67	866.11	1842.11	2789.56	1438.00	3108.33	181.67	1165.78	554.33	1988.67	1825.67	925.22	1806.56	73.56	1888.11	1003.33	100.22	1858.11	1849.11	995.67	1740.22	3112.22	1981.89	836.89	1939.22	1662.56	1160.56	752.56	3111.22	3112.22	3112.22	1097.78	1058.67	1354.56	3112.22	1152.33	815.67	1202.00	764.89	694.78	3111.22	2839.44	809.56	2173.44	2302.11	1487.56	1856.11	1871.00	682.00	758.56	872.78	388.11	1974.22	2422.00	2464.78	1749.11	1011.67	1188.56	738.11	1826.67	3112.22	2235.56	1412.22	3111.22	238.78	1250.67	1458.11	3111.22	1295.67	2822.44	3111.22	1265.89	3111.22	1958.44	5259.33	519.33	1743.89	171.11	3112.22	493.33	1598.22	3111.22	1538.00	1415.44	299.33	3111.22	2828.56	124.22	1549.78	1263.11	2473.22	1968.78	2000.89	1524.44	2694.33	1905.22	3111.22	624.78	2998.00	3111.22	2456.89	856.67	2801.22	2886.00	1954.56	1606.89	1806.89	1677.56	2944.44	1222.67	2016.67	40.11
3332.44	1947.00	4424.56	422.89	4663.78	1863.44	3178.89	0.00	0.00	314.89	1552.44	1940.56	2494.11	115.00	6876.78	1145.44	5572.22	4399.78	0.00	0.00	2701.22	2595.33	3111.22	0.00	1631.11	15.56	0.00	41.56	46.56	415.56	4436.67	3.33	0.00	354.00	1628.56	3322.00	36.78	5074.33	6944.00	716.22	0.00	917.67	4327.44	0.00	775.22	825.11	570.22	3074.11	0.00	0.00	0.00	0.00	0.00	114.89	526.11	0.00	12.89	785.89	4144.56	360.56	7.11	1581.00	903.78	443.56	511.33	0.00	1876.22	2031.78	0.00	1.00	0.00	1767.00	181.78	2585.00	1687.78	1.00	2234.89	2212.67	6074.11	1132.89	0.00	4385.44	5838.22	984.44	4982.78	0.00	1748.56	3921.33	1269.11	321.67	4501.22	2.89	3262.89	1945.44	2556.89	1122.56	1285.56	2186.00	1304.67	3037.67	1223.11	2107.89	3159.44	1253.11	1262.11	2115.56	1371.00	1.00	1129.33	2274.33	1172.00	1448.67	1984.67	3841.78	0.00	1.00	1.00	2013.44	2052.56	1756.67	1.00	1958.89	2295.56	1909.22	2346.33	2416.44	0.00	271.78	3890.78	937.78	809.11	1623.67	1255.11	1240.22	2429.22	2352.67	3942.00	3453.33	1167.00	689.22	646.44	1516.11	2099.56	1922.67	2373.11	1540.56	1.00	1007.67	1699.00	0.00	3316.00	4313.89	1653.11	0.00	1815.56	290.78	0.00	1845.33	0.00	1152.78	8370.56	3580.56	4825.11	2940.11	1.00	2617.89	1541.00	0.00	1573.22	1695.78	3388.56	0.00	282.67	2987.00	1629.44	1848.11	638.00	1142.44	1110.33	1586.78	416.89	4962.44	0.00	2486.44	113.22	0.00	654.33	2254.56	310.00	225.22	1156.67	1504.33	1304.33	1433.67	166.78	4305.89	1094.56	3071.11
1701.33	315.89	2793.44	1208.22	3042.67	246.33	1551.78	1631.11	1631.11	1316.22	78.67	309.44	871.00	1516.11	5245.67	505.67	3941.11	2782.67	1631.11	1631.11	1070.11	964.22	1480.11	1631.11	0.00	1615.56	1631.11	1589.56	1584.56	1229.56	2819.56	1627.78	1631.11	1277.11	12.56	1698.89	1594.33	3457.22	5320.89	914.89	1631.11	725.44	2706.33	1631.11	909.89	866.00	1174.89	1443.00	1631.11	1631.11	1631.11	1631.11	1631.11	1516.22	1129.00	1631.11	1618.22	845.22	2513.44	1280.56	1624.00	50.11	727.33	1199.56	1147.78	1631.11	251.11	410.67	1631.11	1632.11	1631.11	135.89	1449.33	953.89	68.67	1632.11	603.78	585.56	4445.00	498.22	1631.11	2756.33	4207.11	646.67	3363.67	1631.11	117.44	2306.22	362.00	1309.44	2878.11	1628.22	1631.78	316.33	925.78	508.56	355.56	570.89	326.44	1418.56	408.00	492.78	1540.33	378.00	369.00	498.44	260.11	1632.11	501.78	657.22	459.11	182.44	353.56	2210.67	1631.11	1632.11	1632.11	396.33	435.44	139.56	1632.11	341.78	680.44	294.11	715.22	785.33	1631.11	1363.33	2259.67	693.33	826.00	7.44	376.00	420.89	798.11	729.56	2312.89	1828.22	534.11	965.89	994.67	309.00	468.44	291.56	742.00	386.56	1632.11	795.44	67.89	1631.11	1684.89	2690.78	22.00	1631.11	184.44	1382.33	1631.11	214.22	1631.11	518.33	6739.44	1959.44	3194.00	1321.00	1632.11	986.78	158.11	1631.11	85.89	64.67	1757.44	1631.11	1354.44	1355.89	109.67	221.00	993.11	492.67	520.78	44.33	1214.22	3345.33	1631.11	855.33	1517.89	1631.11	986.78	623.44	1321.11	1405.89	480.44	126.78	334.78	197.44	1464.33	2674.78	540.56	1440.00
3316.89	1931.44	4409.00	407.33	4652.22	1855.89	3163.33	15.56	15.56	307.33	1540.89	1925.00	2480.56	107.44	6861.22	1129.89	5556.67	4392.22	15.56	15.56	2685.67	2579.78	3095.67	15.56	1615.56	0.00	15.56	34.00	31.00	400.00	4429.11	12.22	15.56	344.44	1613.00	3308.44	31.22	5066.78	6930.44	700.67	15.56	902.11	4315.89	15.56	759.67	809.56	554.67	3058.56	15.56	15.56	15.56	15.56	15.56	101.33	510.56	15.56	3.33	776.33	4129.00	345.00	8.44	1573.44	892.22	428.00	495.78	15.56	1860.67	2020.22	15.56	16.56	15.56	1751.44	174.22	2569.44	1678.22	16.56	2219.33	2197.11	6058.56	1121.33	15.56	4369.89	5822.67	968.89	4973.22	15.56	1733.00	3915.78	1261.56	316.11	4487.67	12.67	3247.33	1929.89	2541.33	1115.00	1270.00	2180.44	1299.11	3028.11	1217.56	2102.33	3149.89	1247.56	1248.56	2108.00	1365.44	16.56	1123.78	2266.78	1162.44	1443.11	1969.11	3826.22	15.56	16.56	16.56	2005.89	2045.00	1749.11	16.56	1951.33	2290.00	1903.67	2330.78	2400.89	15.56	256.22	3875.22	928.22	793.56	1610.11	1239.56	1224.67	2413.67	2339.11	3926.44	3437.78	1151.44	673.67	630.89	1500.56	2084.00	1907.11	2357.56	1525.00	16.56	992.11	1683.44	15.56	3300.44	4300.33	1637.56	15.56	1800.00	275.22	15.56	1829.78	15.56	1137.22	8355.00	3569.00	4809.56	2930.56	16.56	2602.33	1525.44	15.56	1557.67	1680.22	3373.00	15.56	267.11	2971.44	1613.89	1832.56	622.44	1126.89	1094.78	1581.22	401.33	4954.89	15.56	2470.89	97.67	15.56	638.78	2239.00	294.44	209.67	1141.11	1496.78	1288.78	1418.11	157.22	4290.33	1079.00	3055.56
