0.00	15429.00	13473.00	26646.00	26924.00	24577.00	13712.00	29912.00	29912.00	27086.00	19110.00	15855.00	14893.00	28885.00	31555.00	21607.00	24222.00	20706.00	29912.00	29912.00	13063.00	13778.00	18353.00	29912.00	23006.00	29812.00	29912.00	29546.00	29541.00	26302.00	19664.00	29898.00	29912.00	30458.00	27693.00	15194.00	29581.00	39665.00	35120.00	23506.00	29912.00	21773.00	18377.00	29912.00	24703.00	22846.00	25410.00	14009.00	29912.00	29912.00	29912.00	29912.00	29912.00	28910.00	25357.00	29912.00	29812.00	22855.00	12909.00	26777.00	29856.00	15877.00	21802.00	26040.00	25510.00	29912.00	27222.00	30750.00	29912.00	29913.00	29912.00	16103.00	28284.00	12727.00	18282.00	29913.00	14208.00	15738.00	25283.00	27302.00	29912.00	20499.00	29468.00	23124.00	15077.00	29912.00	19501.00	17924.00	23148.00	27017.00	14679.00	29894.00	14890.00	14169.00	13760.00	21271.00	18560.00	14968.00	20788.00	14491.00	20742.00	16589.00	17273.00	21384.00	18585.00	16346.00	20655.00	29913.00	21680.00	18375.00	25086.00	20428.00	14548.00	20554.00	29912.00	29913.00	29913.00	20809.00	20351.00	22262.00	29913.00	21494.00	19996.00	23107.00	14093.00	13990.00	29912.00	27546.00	14365.00	21488.00	23984.00	19655.00	19470.00	19804.00	13735.00	20978.00	13456.00	14332.00	20411.00	23889.00	24204.00	17899.00	24382.00	24500.00	22226.00	17873.00	29913.00	24429.00	17051.00	29912.00	15746.00	33111.00	16860.00	29912.00	18194.00	27565.00	29912.00	18690.00	29912.00	20621.00	45321.00	13367.00	20876.00	20625.00	29913.00	11181.00	19097.00	29912.00	17361.00	16732.00	15265.00	29912.00	27458.00	15037.00	17437.00	18333.00	25810.00	20328.00	20879.00	21547.00	26224.00	31244.00	29912.00	12434.00	28941.00	29912.00	24725.00	15205.00	27170.00	27925.00	21972.00	26523.00	20701.00	18591.00	28427.00	22885.00	20203.00	20564.00
15429.00	0.00	22210.00	13581.00	30755.00	14410.00	11247.00	17347.00	17347.00	14521.00	10915.00	6654.00	9734.00	16320.00	44120.00	7182.00	32459.00	22285.00	17347.00	17347.00	7032.00	7103.00	10762.00	17347.00	11039.00	17247.00	17347.00	16981.00	16976.00	13727.00	27567.00	17333.00	17347.00	15345.00	15558.00	13115.00	17016.00	36938.00	45153.00	10941.00	17347.00	10114.00	22584.00	17347.00	10676.00	10357.00	12821.00	10154.00	17347.00	17347.00	17347.00	17347.00	17347.00	16345.00	13502.00	17347.00	17247.00	11380.00	19908.00	14206.00	17291.00	6140.00	10583.00	14017.00	12921.00	17347.00	18451.00	17201.00	17347.00	17348.00	17347.00	5172.00	15719.00	6798.00	6989.00	17348.00	5321.00	5327.00	37294.00	13515.00	17347.00	25388.00	35111.00	11191.00	27522.00	17347.00	7008.00	22421.00	13315.00	14452.00	23168.00	17329.00	12659.00	6894.00	8937.00	8306.00	8515.00	9075.00	7659.00	10968.00	7053.00	6846.00	14040.00	11387.00	6742.00	5905.00	7854.00	17348.00	7989.00	10018.00	11299.00	7881.00	8257.00	18509.00	17347.00	17348.00	17348.00	16450.00	13756.00	12101.00	17348.00	15955.00	14247.00	15040.00	6240.00	6177.00	17347.00	16003.00	17584.00	14373.00	10895.00	7926.00	8957.00	7799.00	8054.00	12299.00	18105.00	13727.00	7230.00	11304.00	11633.00	6116.00	12083.00	12063.00	11333.00	5966.00	17348.00	13204.00	9124.00	17347.00	13577.00	27886.00	5015.00	17347.00	9495.00	14976.00	17347.00	6491.00	17347.00	8772.00	57404.00	20446.00	25993.00	20614.00	17348.00	7688.00	6008.00	17347.00	6162.00	5845.00	14004.00	17347.00	14891.00	9320.00	5584.00	9396.00	11653.00	9329.00	12226.00	7342.00	13659.00	40907.00	17347.00	9397.00	16376.00	17347.00	12268.00	5838.00	14605.00	15360.00	9553.00	15284.00	7272.00	6256.00	15862.00	23914.00	8462.00	10895.00
13473.00	22210.00	0.00	35791.00	19839.00	30202.00	11953.00	39557.00	39557.00	36731.00	25609.00	23606.00	18034.00	38530.00	21910.00	29392.00	17625.00	12219.00	39557.00	39557.00	16420.00	17223.00	17180.00	39557.00	27643.00	39457.00	39557.00	39191.00	39186.00	35937.00	20083.00	39543.00	39557.00	36387.00	33446.00	13837.00	39226.00	39608.00	25003.00	33151.00	39557.00	31410.00	9244.00	39557.00	32864.00	32445.00	35009.00	15810.00	39557.00	39557.00	39557.00	39557.00	39557.00	38555.00	34982.00	39557.00	39457.00	32500.00	6944.00	36416.00	39501.00	25336.00	31447.00	35677.00	35131.00	39557.00	32589.00	32111.00	39557.00	39558.00	39557.00	23742.00	37929.00	16404.00	24383.00	39558.00	20047.00	19691.00	15106.00	30985.00	39557.00	16922.00	20207.00	30761.00	10306.00	39557.00	25214.00	24055.00	28143.00	36662.00	10660.00	39539.00	11615.00	22104.00	16721.00	29462.00	28091.00	19883.00	27815.00	14248.00	28549.00	20586.00	15000.00	28279.00	28230.00	20525.00	27218.00	39558.00	29393.00	20666.00	29025.00	26519.00	22079.00	15497.00	39557.00	39558.00	39558.00	26392.00	24694.00	26605.00	39558.00	26153.00	23463.00	27450.00	18536.00	17881.00	39557.00	37191.00	9120.00	31133.00	32355.00	24976.00	28309.00	28579.00	17814.00	18475.00	7909.00	11533.00	29418.00	33514.00	33843.00	26896.00	25117.00	26227.00	21453.00	27186.00	39558.00	31362.00	24908.00	39557.00	14303.00	33028.00	24879.00	39557.00	23401.00	37172.00	39557.00	23077.00	39557.00	29406.00	35194.00	16658.00	11989.00	26736.00	39558.00	16132.00	26042.00	39557.00	25574.00	24423.00	9498.00	39557.00	37101.00	14380.00	25446.00	22972.00	33863.00	29355.00	29620.00	27306.00	35869.00	29895.00	39557.00	17267.00	38586.00	39557.00	33772.00	19458.00	36815.00	37570.00	29235.00	32080.00	27914.00	26718.00	38072.00	17762.00	29786.00	20549.00
26646.00	13581.00	35791.00	0.00	38334.00	15691.00	24796.00	3766.00	3766.00	2800.00	11610.00	12435.00	18651.00	3181.00	57701.00	6399.00	46040.00	35832.00	3766.00	3766.00	19553.00	18720.00	24011.00	3766.00	11078.00	3666.00	3766.00	3400.00	3397.00	3510.00	38208.00	3752.00	3766.00	3916.00	11413.00	26102.00	3435.00	43755.00	58700.00	4720.00	3766.00	6651.00	35161.00	3766.00	3509.00	4090.00	2294.00	23733.00	3766.00	3766.00	3766.00	3766.00	3766.00	2964.00	3709.00	3766.00	3666.00	7309.00	33463.00	3091.00	3710.00	11471.00	8304.00	4064.00	3742.00	3766.00	16916.00	18342.00	3766.00	3767.00	3766.00	12049.00	3790.00	19387.00	11414.00	3767.00	15812.00	16100.00	50845.00	6934.00	3766.00	37315.00	48674.00	6334.00	41069.00	3766.00	11627.00	31536.00	8830.00	2409.00	36715.00	3748.00	25496.00	13795.00	19070.00	7317.00	8464.00	15918.00	7986.00	23563.00	7252.00	15603.00	24659.00	7522.00	8241.00	15274.00	8583.00	3767.00	6512.00	16703.00	6924.00	9282.00	13736.00	30674.00	3766.00	3767.00	3767.00	18777.00	18149.00	15052.00	3767.00	18168.00	19574.00	15927.00	17255.00	17910.00	3766.00	3638.00	31147.00	6482.00	3436.00	11043.00	8582.00	7212.00	18027.00	17378.00	31656.00	27274.00	6393.00	3981.00	5706.00	9067.00	15050.00	14494.00	17520.00	9065.00	3767.00	5333.00	11421.00	3766.00	25990.00	35029.00	11006.00	3766.00	12390.00	3183.00	3766.00	12714.00	3766.00	6385.00	70985.00	28439.00	39556.00	23353.00	3767.00	19659.00	9767.00	3766.00	10217.00	11368.00	26595.00	3766.00	1978.00	22901.00	10403.00	12819.00	2116.00	8830.00	7849.00	10525.00	4624.00	41880.00	3766.00	18524.00	3039.00	3766.00	2823.00	16333.00	1766.00	2345.00	8532.00	10715.00	7877.00	9073.00	3491.00	34875.00	6443.00	23810.00
26924.00	30755.00	19839.00	38334.00	0.00	43121.00	25478.00	41950.00	41950.00	40128.00	28594.00	30619.00	29353.00	41003.00	21423.00	35365.00	18416.00	16446.00	41950.00	41950.00	27631.00	28054.00	27397.00	41950.00	33646.00	41854.00	41950.00	41584.00	41585.00	38354.00	16806.00	41936.00	41950.00	41662.00	42671.00	27050.00	41619.00	50709.00	22884.00	35548.00	41950.00	35711.00	18867.00	41950.00	36777.00	36040.00	38428.00	29169.00	41950.00	41950.00	41950.00	41950.00	41950.00	40950.00	37409.00	41950.00	41850.00	36835.00	23697.00	39495.00	41894.00	29127.00	36570.00	38238.00	38588.00	41950.00	43098.00	31080.00	41950.00	41951.00	41950.00	29871.00	40568.00	28111.00	30002.00	41951.00	29370.00	27444.00	21227.00	38020.00	41950.00	27347.00	22444.00	33452.00	25013.00	41950.00	36139.00	32746.00	35242.00	39103.00	16863.00	41932.00	26704.00	30049.00	28988.00	36587.00	31166.00	30188.00	33808.00	27201.00	33722.00	28623.00	26437.00	31736.00	32067.00	30408.00	33491.00	41951.00	35922.00	25329.00	34536.00	32512.00	30764.00	26650.00	41950.00	41951.00	41951.00	32683.00	30945.00	30282.00	41951.00	32118.00	28862.00	30569.00	26441.00	27852.00	41950.00	39598.00	24511.00	38618.00	37894.00	29177.00	30926.00	33432.00	23703.00	28278.00	22864.00	25476.00	34379.00	36361.00	38892.00	31581.00	28280.00	29740.00	29336.00	31911.00	41951.00	39963.00	28783.00	41950.00	25710.00	38359.00	31064.00	41950.00	31706.00	39617.00	41950.00	29890.00	41950.00	33025.00	34503.00	21559.00	27738.00	37627.00	41951.00	26551.00	32215.00	41950.00	31545.00	31020.00	20407.00	41950.00	39914.00	26461.00	32015.00	30135.00	37362.00	33050.00	32885.00	34335.00	40078.00	30536.00	41950.00	25802.00	40985.00	41950.00	37179.00	28449.00	39214.00	39967.00	39246.00	30515.00	35919.00	33543.00	40465.00	21675.00	34179.00	23630.00
24577.00	14410.00	30202.00	15691.00	43121.00	0.00	20279.00	16763.00	16763.00	15443.00	20507.00	17620.00	13808.00	15902.00	44704.00	14942.00	41615.00	29257.00	16763.00	16763.00	17708.00	18279.00	21024.00	16763.00	16451.00	16671.00	16763.00	16463.00	16508.00	15517.00	38125.00	16751.00	16763.00	14281.00	16144.00	20251.00	16432.00	32034.00	45923.00	14343.00	16763.00	15252.00	32950.00	16763.00	12600.00	15005.00	15239.00	15516.00	16763.00	16763.00	16763.00	16763.00	16763.00	16761.00	17106.00	16763.00	16675.00	18004.00	26632.00	16480.00	16707.00	17526.00	16909.00	17479.00	15809.00	16763.00	21189.00	15635.00	16763.00	16764.00	16763.00	15192.00	15681.00	17618.00	18161.00	16764.00	16427.00	15897.00	41708.00	16925.00	16763.00	31526.00	43875.00	13835.00	31238.00	16763.00	11654.00	27103.00	20649.00	15974.00	32058.00	16745.00	21857.00	18184.00	16603.00	13170.00	17643.00	14795.00	15021.00	15954.00	14123.00	14594.00	16794.00	18161.00	15620.00	13001.00	16202.00	16764.00	12533.00	19178.00	15677.00	16441.00	17607.00	19771.00	16763.00	16764.00	16764.00	14972.00	14230.00	15937.00	16764.00	15427.00	17329.00	17884.00	18208.00	17439.00	16763.00	16893.00	22814.00	17051.00	14661.00	14506.00	18045.00	15045.00	20444.00	17893.00	24833.00	20763.00	14190.00	15456.00	14387.00	15272.00	18837.00	20133.00	17229.00	16868.00	16764.00	16392.00	17156.00	16763.00	21853.00	35462.00	14375.00	16763.00	18997.00	15420.00	16763.00	15619.00	16763.00	17264.00	57988.00	34618.00	27217.00	18544.00	16764.00	17428.00	14508.00	16763.00	15966.00	16311.00	26398.00	16763.00	15313.00	19264.00	15200.00	15404.00	14487.00	14357.00	21642.00	14690.00	13743.00	53739.00	16763.00	20243.00	16082.00	16763.00	15594.00	18022.00	16689.00	15572.00	11351.00	23362.00	13342.00	12946.00	17564.00	31558.00	17380.00	22081.00
13712.00	11247.00	11953.00	24796.00	25478.00	20279.00	0.00	28562.00	28562.00	25736.00	15278.00	12665.00	13059.00	27535.00	32905.00	18421.00	21336.00	12654.00	28562.00	28562.00	6341.00	6282.00	7093.00	28562.00	16216.00	28462.00	28562.00	28196.00	28191.00	24960.00	23566.00	28548.00	28562.00	25392.00	21507.00	8602.00	28231.00	38021.00	33906.00	22156.00	28562.00	20431.00	12677.00	28562.00	21923.00	21504.00	24068.00	6959.00	28562.00	28562.00	28562.00	28562.00	28562.00	27560.00	24015.00	28562.00	28462.00	21505.00	8667.00	25435.00	28506.00	14341.00	20452.00	24698.00	24168.00	28562.00	23362.00	25292.00	28562.00	28563.00	28562.00	12757.00	26934.00	5425.00	13388.00	28563.00	9106.00	8696.00	26049.00	19032.00	28562.00	20303.00	25374.00	20130.00	18679.00	28562.00	13315.00	21884.00	17148.00	25667.00	17659.00	28544.00	4658.00	11111.00	8152.00	18467.00	17110.00	12196.00	16820.00	10311.00	17554.00	12471.00	11225.00	17284.00	17235.00	10222.00	16223.00	28563.00	18398.00	16487.00	18066.00	15524.00	11248.00	14590.00	28562.00	28563.00	28563.00	21999.00	19305.00	19264.00	28563.00	21504.00	18774.00	21323.00	7553.00	6892.00	28562.00	26204.00	8167.00	20888.00	21368.00	16229.00	17314.00	17618.00	9485.00	11466.00	8230.00	6014.00	18477.00	22547.00	22862.00	15955.00	15132.00	16538.00	11764.00	16245.00	28563.00	20425.00	15949.00	28562.00	12930.00	27353.00	13922.00	28562.00	12450.00	26223.00	28562.00	12440.00	28562.00	18455.00	46189.00	17011.00	14760.00	22235.00	28563.00	8157.00	15101.00	28562.00	14611.00	13448.00	6609.00	28562.00	26116.00	3489.00	14505.00	13255.00	22868.00	18368.00	18627.00	15353.00	24878.00	35884.00	28562.00	7536.00	27591.00	28562.00	22791.00	8499.00	25820.00	26575.00	18566.00	22385.00	16931.00	15727.00	27077.00	17807.00	18799.00	10422.00
29912.00	17347.00	39557.00	3766.00	41950.00	16763.00	28562.00	0.00	0.00	2826.00	13948.00	16201.00	22415.00	1027.00	61467.00	10165.00	49806.00	39590.00	0.00	0.00	23319.00	22486.00	27777.00	0.00	14616.00	100.00	0.00	366.00	371.00	3620.00	39922.00	14.00	0.00	3170.00	14553.00	29866.00	331.00	45661.00	62464.00	6406.00	0.00	8147.00	38923.00	0.00	6697.00	7122.00	4612.00	27499.00	0.00	0.00	0.00	0.00	0.00	1002.00	4575.00	0.00	100.00	7057.00	37229.00	3141.00	56.00	14221.00	8110.00	3880.00	4426.00	0.00	16846.00	18262.00	0.00	1.00	0.00	15815.00	1628.00	23153.00	15174.00	1.00	19578.00	19866.00	54611.00	10172.00	0.00	39413.00	52440.00	8796.00	44829.00	0.00	15393.00	35292.00	11414.00	2895.00	40479.00	18.00	29262.00	17453.00	22836.00	10095.00	11466.00	19674.00	11742.00	27323.00	11008.00	18971.00	28419.00	11278.00	11327.00	19032.00	12339.00	1.00	10164.00	20461.00	10532.00	13038.00	17502.00	34440.00	0.00	1.00	1.00	18113.00	18465.00	15802.00	1.00	17622.00	20660.00	17183.00	21021.00	21676.00	0.00	2366.00	34913.00	8424.00	7202.00	14581.00	11248.00	10978.00	21743.00	21142.00	35422.00	31040.00	10159.00	6043.00	5714.00	12805.00	18816.00	17232.00	21286.00	12617.00	1.00	8317.00	15187.00	0.00	29756.00	38793.00	14678.00	0.00	16156.00	2385.00	0.00	16480.00	0.00	10151.00	74751.00	32201.00	43322.00	26445.00	1.00	23425.00	13533.00	0.00	13983.00	15134.00	30361.00	0.00	2456.00	26667.00	14169.00	16585.00	5694.00	10202.00	9937.00	14281.00	3688.00	44654.00	0.00	22290.00	971.00	0.00	5785.00	20099.00	2742.00	1987.00	10322.00	13531.00	11643.00	12839.00	1485.00	38641.00	9771.00	27576.00
29912.00	17347.00	39557.00	3766.00	41950.00	16763.00	28562.00	0.00	0.00	2826.00	13948.00	16201.00	22415.00	1027.00	61467.00	10165.00	49806.00	39590.00	0.00	0.00	23319.00	22486.00	27777.00	0.00	14616.00	100.00	0.00	366.00	371.00	3620.00	39922.00	14.00	0.00	3170.00	14553.00	29866.00	331.00	45661.00	62464.00	6406.00	0.00	8147.00	38923.00	0.00	6697.00	7122.00	4612.00	27499.00	0.00	0.00	0.00	0.00	0.00	1002.00	4575.00	0.00	100.00	7057.00	37229.00	3141.00	56.00	14221.00	8110.00	3880.00	4426.00	0.00	16846.00	18262.00	0.00	1.00	0.00	15815.00	1628.00	23153.00	15174.00	1.00	19578.00	19866.00	54611.00	10172.00	0.00	39413.00	52440.00	8796.00	44829.00	0.00	15393.00	35292.00	11414.00	2895.00	40479.00	18.00	29262.00	17453.00	22836.00	10095.00	11466.00	19674.00	11742.00	27323.00	11008.00	18971.00	28419.00	11278.00	11327.00	19032.00	12339.00	1.00	10164.00	20461.00	10532.00	13038.00	17502.00	34440.00	0.00	1.00	1.00	18113.00	18465.00	15802.00	1.00	17622.00	20660.00	17183.00	21021.00	21676.00	0.00	2366.00	34913.00	8424.00	7202.00	14581.00	11248.00	10978.00	21743.00	21142.00	35422.00	31040.00	10159.00	6043.00	5714.00	12805.00	18816.00	17232.00	21286.00	12617.00	1.00	8317.00	15187.00	0.00	29756.00	38793.00	14678.00	0.00	16156.00	2385.00	0.00	16480.00	0.00	10151.00	74751.00	32201.00	43322.00	26445.00	1.00	23425.00	13533.00	0.00	13983.00	15134.00	30361.00	0.00	2456.00	26667.00	14169.00	16585.00	5694.00	10202.00	9937.00	14281.00	3688.00	44654.00	0.00	22290.00	971.00	0.00	5785.00	20099.00	2742.00	1987.00	10322.00	13531.00	11643.00	12839.00	1485.00	38641.00	9771.00	27576.00
27086.00	14521.00	36731.00	2800.00	40128.00	15443.00	25736.00	2826.00	2826.00	0.00	11896.00	13375.00	19589.00	2741.00	58641.00	7339.00	46980.00	36764.00	2826.00	2826.00	20493.00	19660.00	24951.00	2826.00	12884.00	2734.00	2826.00	2488.00	2467.00	3374.00	37636.00	2814.00	2826.00	4092.00	12421.00	27040.00	2735.00	43609.00	59638.00	5932.00	2826.00	5613.00	36097.00	2826.00	4141.00	4296.00	1924.00	24673.00	2826.00	2826.00	2826.00	2826.00	2826.00	2782.00	3871.00	2826.00	2734.00	5863.00	34403.00	2213.00	2770.00	11617.00	6860.00	3826.00	2210.00	2826.00	17298.00	17402.00	2826.00	2827.00	2826.00	12989.00	2218.00	20327.00	12348.00	2827.00	16752.00	17040.00	51785.00	8014.00	2826.00	36845.00	49614.00	7084.00	42003.00	2826.00	12567.00	32468.00	9878.00	2499.00	37653.00	2808.00	26436.00	14627.00	20010.00	7269.00	8982.00	16850.00	8918.00	24497.00	8184.00	16147.00	25593.00	8454.00	8501.00	16206.00	9515.00	2827.00	7340.00	17635.00	8004.00	10214.00	14676.00	31614.00	2826.00	2827.00	2827.00	16769.00	17009.00	14386.00	2827.00	16252.00	19068.00	15345.00	18195.00	18850.00	2826.00	3286.00	32087.00	6172.00	4716.00	11755.00	9208.00	8152.00	18917.00	18316.00	32596.00	28214.00	7333.00	3923.00	3634.00	9979.00	15990.00	15090.00	18460.00	9791.00	2827.00	6157.00	12361.00	2826.00	26930.00	35967.00	11852.00	2826.00	13330.00	2565.00	2826.00	13654.00	2826.00	7325.00	71925.00	30219.00	40496.00	23619.00	2827.00	20599.00	10707.00	2826.00	11157.00	12308.00	27535.00	2826.00	1594.00	23841.00	11343.00	13759.00	3970.00	7602.00	8291.00	11457.00	2930.00	41828.00	2826.00	19464.00	2719.00	2826.00	3025.00	17273.00	2458.00	1555.00	7496.00	10705.00	8817.00	10013.00	3313.00	35815.00	6945.00	24750.00
19110.00	10915.00	25609.00	11610.00	28594.00	20507.00	15278.00	13948.00	13948.00	11896.00	0.00	7469.00	18985.00	12921.00	47519.00	9829.00	35858.00	27394.00	13948.00	13948.00	12549.00	11112.00	18457.00	13948.00	12940.00	13852.00	13948.00	13582.00	13583.00	10352.00	26696.00	13934.00	13948.00	15418.00	16771.00	22788.00	13617.00	43365.00	48516.00	10046.00	13948.00	8049.00	24975.00	13948.00	10127.00	8996.00	10386.00	18705.00	13948.00	13948.00	13948.00	13948.00	13948.00	12948.00	9627.00	13948.00	13848.00	8241.00	23281.00	10901.00	13892.00	7041.00	8118.00	10090.00	10010.00	13948.00	20346.00	24146.00	13948.00	13949.00	13948.00	11099.00	12320.00	11761.00	8712.00	13949.00	10156.00	11402.00	40663.00	15346.00	13948.00	27231.00	38492.00	8848.00	30883.00	13948.00	11863.00	26566.00	11984.00	11053.00	26531.00	13930.00	15314.00	8517.00	14870.00	10313.00	6288.00	15336.00	9432.00	20367.00	10814.00	13657.00	21383.00	8464.00	6187.00	16126.00	10857.00	13949.00	11232.00	15283.00	12610.00	12138.00	9102.00	26542.00	13948.00	13949.00	13949.00	20071.00	19447.00	17424.00	13949.00	19576.00	21652.00	18723.00	10145.00	11898.00	13948.00	11606.00	21245.00	12594.00	12568.00	10855.00	9824.00	7418.00	12293.00	13032.00	21474.00	18844.00	9011.00	9149.00	10930.00	8761.00	13146.00	14688.00	13994.00	7829.00	13949.00	13495.00	8869.00	13948.00	20212.00	33949.00	8946.00	13948.00	9632.00	11743.00	13948.00	11346.00	13948.00	8097.00	60803.00	18685.00	29718.00	22385.00	13949.00	12969.00	9205.00	13948.00	11283.00	7906.00	16413.00	13948.00	12032.00	16105.00	10669.00	12607.00	11408.00	6570.00	6313.00	10589.00	11798.00	34088.00	13948.00	8920.00	12983.00	13948.00	10101.00	9253.00	11516.00	12117.00	12508.00	16439.00	9709.00	11869.00	12463.00	26865.00	9547.00	18898.00
15855.00	6654.00	23606.00	12435.00	30619.00	17620.00	12665.00	16201.00	16201.00	13375.00	7469.00	0.00	13580.00	15174.00	45476.00	6380.00	33835.00	23703.00	16201.00	16201.00	7186.00	6383.00	11886.00	16201.00	11647.00	16101.00	16201.00	15835.00	15830.00	12581.00	28761.00	16187.00	16201.00	15247.00	13406.00	15953.00	15870.00	39298.00	46571.00	12245.00	16201.00	8114.00	23032.00	16201.00	10012.00	9079.00	11589.00	13644.00	16201.00	16201.00	16201.00	16201.00	16201.00	15199.00	11626.00	16201.00	16101.00	9144.00	21326.00	13060.00	16145.00	5864.00	8091.00	12321.00	11775.00	16201.00	19289.00	21259.00	16201.00	16202.00	16201.00	5708.00	14573.00	7240.00	6363.00	16202.00	3729.00	5993.00	38712.00	12593.00	16201.00	26864.00	36529.00	9971.00	28940.00	16201.00	8204.00	24341.00	8091.00	13306.00	25080.00	16183.00	13351.00	5420.00	7995.00	7390.00	6529.00	9303.00	6079.00	14562.00	7439.00	9780.00	16996.00	6933.00	5064.00	10723.00	5980.00	16202.00	7411.00	11626.00	10531.00	7729.00	3171.00	20535.00	16201.00	16202.00	16202.00	18598.00	18052.00	16029.00	16202.00	18103.00	18783.00	16944.00	6044.00	5773.00	16201.00	13835.00	19002.00	9795.00	8999.00	9282.00	8277.00	5223.00	8216.00	9723.00	19523.00	15145.00	6734.00	10158.00	10487.00	5836.00	11097.00	10451.00	10941.00	4428.00	16202.00	10322.00	9848.00	16201.00	13849.00	28844.00	5433.00	16201.00	4827.00	13816.00	16201.00	6197.00	16201.00	6050.00	58720.00	19118.00	27411.00	18590.00	16202.00	8864.00	5256.00	16201.00	6338.00	2725.00	14442.00	16201.00	13745.00	10728.00	5474.00	6938.00	10599.00	7255.00	7170.00	7232.00	12513.00	36433.00	16201.00	7119.00	15230.00	16201.00	10416.00	4576.00	13459.00	14214.00	9987.00	14510.00	6658.00	8152.00	14716.00	22728.00	6936.00	13013.00
14893.00	9734.00	18034.00	18651.00	29353.00	13808.00	13059.00	22415.00	22415.00	19589.00	18985.00	13580.00	0.00	21388.00	39052.00	12548.00	31847.00	17757.00	22415.00	22415.00	9660.00	11925.00	15088.00	22415.00	19471.00	22317.00	22415.00	22049.00	22048.00	18817.00	28997.00	22401.00	22415.00	20677.00	20872.00	11577.00	22084.00	37332.00	40049.00	17069.00	22415.00	15032.00	23442.00	22415.00	15780.00	15361.00	17925.00	8184.00	22415.00	22415.00	22415.00	22415.00	22415.00	21413.00	19136.00	22415.00	22315.00	17640.00	16910.00	19292.00	22359.00	13020.00	16807.00	19591.00	18025.00	22415.00	27627.00	18223.00	22415.00	22416.00	22415.00	8268.00	20787.00	11076.00	11749.00	22416.00	11017.00	9095.00	32196.00	16659.00	22415.00	28548.00	35593.00	13977.00	22632.00	22415.00	13998.00	28829.00	16859.00	19520.00	20752.00	22397.00	17101.00	12782.00	6509.00	13338.00	13957.00	6081.00	11337.00	5846.00	11407.00	6558.00	6078.00	14667.00	13084.00	5963.00	10748.00	22416.00	12251.00	8720.00	14443.00	10761.00	12777.00	12025.00	22415.00	22416.00	22416.00	9660.00	9146.00	10831.00	22416.00	9883.00	9329.00	11404.00	11988.00	10445.00	22415.00	21047.00	15586.00	18613.00	15225.00	10906.00	11701.00	13263.00	9732.00	10275.00	14283.00	11393.00	12334.00	16404.00	16719.00	11002.00	16503.00	15653.00	13585.00	12172.00	22416.00	18536.00	18104.00	22415.00	9215.00	33048.00	10279.00	22415.00	13593.00	20080.00	22415.00	10227.00	22415.00	14338.00	52336.00	25676.00	20907.00	15944.00	22416.00	9038.00	10464.00	22415.00	8564.00	11919.00	15482.00	22415.00	19973.00	11144.00	9432.00	9424.00	16725.00	15089.00	19406.00	12684.00	18735.00	43015.00	22415.00	13951.00	21448.00	22415.00	17318.00	10952.00	19677.00	20430.00	13039.00	18164.00	12900.00	9584.00	20930.00	17996.00	13200.00	16771.00
28885.00	16320.00	38530.00	3181.00	41003.00	15902.00	27535.00	1027.00	1027.00	2741.00	12921.00	15174.00	21388.00	0.00	60440.00	9138.00	48779.00	38563.00	1027.00	1027.00	22292.00	21459.00	26750.00	1027.00	13589.00	947.00	1027.00	1015.00	848.00	3975.00	38895.00	1019.00	1027.00	3699.00	13526.00	28839.00	764.00	44706.00	61437.00	5763.00	1027.00	7372.00	37896.00	1027.00	5780.00	6095.00	3771.00	26472.00	1027.00	1027.00	1027.00	1027.00	1027.00	1205.00	3708.00	1027.00	987.00	6260.00	36202.00	2226.00	1005.00	13194.00	7291.00	3053.00	3399.00	1027.00	16473.00	18099.00	1027.00	1028.00	1027.00	14788.00	1893.00	22126.00	14147.00	1028.00	18551.00	18839.00	53584.00	9967.00	1027.00	38386.00	51413.00	7769.00	43802.00	1027.00	14366.00	34267.00	11429.00	2344.00	39452.00	1009.00	28235.00	16426.00	21809.00	9836.00	10439.00	18649.00	10717.00	26296.00	10109.00	17946.00	27392.00	10253.00	10300.00	18005.00	11668.00	1028.00	9685.00	19434.00	9957.00	12055.00	16475.00	33413.00	1027.00	1028.00	1028.00	17214.00	17512.00	15409.00	1028.00	16691.00	19881.00	16412.00	19994.00	20649.00	1027.00	1791.00	33886.00	7515.00	6175.00	13554.00	10815.00	9951.00	20716.00	20115.00	34395.00	30013.00	9132.00	5258.00	5589.00	11778.00	17789.00	17193.00	20355.00	11590.00	1028.00	8010.00	14160.00	1027.00	28729.00	37766.00	13651.00	1027.00	15269.00	1648.00	1027.00	15453.00	1027.00	9124.00	73724.00	31174.00	42295.00	25418.00	1028.00	22398.00	12506.00	1027.00	12956.00	14107.00	29334.00	1027.00	1955.00	25640.00	13142.00	15558.00	4667.00	9175.00	8910.00	13256.00	3333.00	43627.00	1027.00	21263.00	554.00	1027.00	4926.00	19072.00	2851.00	1904.00	9797.00	12858.00	10616.00	11812.00	1998.00	37614.00	8744.00	26549.00
31555.00	44120.00	21910.00	57701.00	21423.00	44704.00	32905.00	61467.00	61467.00	58641.00	47519.00	45476.00	39052.00	60440.00	0.00	51302.00	17029.00	21877.00	61467.00	61467.00	38290.00	39093.00	33690.00	61467.00	46851.00	61367.00	61467.00	61101.00	61096.00	57847.00	24351.00	61453.00	61467.00	58297.00	48398.00	31601.00	61136.00	37764.00	11775.00	55061.00	61467.00	53320.00	22544.00	61467.00	54770.00	54345.00	56879.00	33968.00	61467.00	61467.00	61467.00	61467.00	61467.00	60465.00	56892.00	61467.00	61367.00	54410.00	24238.00	58326.00	61411.00	47246.00	53357.00	57587.00	57041.00	61467.00	47541.00	44671.00	61467.00	61468.00	61467.00	45652.00	59839.00	38314.00	46293.00	61468.00	41917.00	41601.00	10430.00	51295.00	61467.00	23464.00	13973.00	52671.00	17752.00	61467.00	46074.00	29915.00	50053.00	58572.00	20988.00	61449.00	32205.00	44014.00	38631.00	51372.00	50001.00	41793.00	49725.00	34144.00	50459.00	42496.00	33048.00	50189.00	50140.00	42435.00	49128.00	61468.00	51303.00	41006.00	50935.00	48429.00	43965.00	27027.00	61467.00	61468.00	61468.00	43354.00	43002.00	45665.00	61468.00	43845.00	40807.00	44284.00	40446.00	39791.00	61467.00	59101.00	26554.00	53043.00	54265.00	46886.00	50219.00	50489.00	39724.00	40325.00	26045.00	30427.00	51308.00	55424.00	55753.00	48766.00	42651.00	44235.00	40181.00	49056.00	61468.00	53232.00	46280.00	61467.00	31711.00	34536.00	46789.00	61467.00	45311.00	59082.00	61467.00	44987.00	61467.00	51316.00	16066.00	29266.00	18145.00	38894.00	61468.00	38042.00	47934.00	61467.00	47484.00	46333.00	31106.00	61467.00	59011.00	34800.00	47316.00	44882.00	55773.00	51265.00	51530.00	47186.00	57779.00	35545.00	61467.00	39177.00	60496.00	61467.00	55682.00	41368.00	58725.00	59480.00	51145.00	49878.00	49824.00	48628.00	59982.00	29108.00	51696.00	33891.00
21607.00	7182.00	29392.00	6399.00	35365.00	14942.00	18421.00	10165.00	10165.00	7339.00	9829.00	6380.00	12548.00	9138.00	51302.00	0.00	39641.00	29459.00	10165.00	10165.00	13154.00	12321.00	17612.00	10165.00	11715.00	10065.00	10165.00	9799.00	9794.00	6963.00	33905.00	10151.00	10165.00	8867.00	11704.00	19815.00	9834.00	41944.00	52327.00	8441.00	10165.00	5030.00	28788.00	10165.00	5646.00	4231.00	5647.00	17334.00	10165.00	10165.00	10165.00	10165.00	10165.00	9163.00	7266.00	10165.00	10065.00	5798.00	27082.00	7084.00	10109.00	7866.00	6125.00	7729.00	6119.00	10165.00	19877.00	18573.00	10165.00	10166.00	10165.00	6584.00	8537.00	12996.00	6003.00	10166.00	9413.00	9725.00	44468.00	7521.00	10165.00	31664.00	42285.00	6903.00	34696.00	10165.00	8580.00	27651.00	7567.00	7270.00	30342.00	10147.00	19107.00	8762.00	12671.00	4924.00	6243.00	10645.00	3067.00	17190.00	3875.00	10876.00	18386.00	6085.00	5044.00	9253.00	3466.00	10166.00	3669.00	12754.00	6743.00	4875.00	8411.00	24277.00	10165.00	10166.00	10166.00	16692.00	16064.00	13947.00	10166.00	16083.00	17547.00	14586.00	10868.00	11529.00	10165.00	9223.00	24758.00	8265.00	4337.00	9246.00	6853.00	3225.00	12978.00	11363.00	25279.00	20901.00	3576.00	5008.00	5615.00	5126.00	10577.00	9375.00	11773.00	4278.00	10166.00	7136.00	11160.00	10165.00	19605.00	29964.00	6273.00	10165.00	6673.00	7808.00	10165.00	6859.00	10165.00	3372.00	64586.00	24928.00	33167.00	19674.00	10166.00	13812.00	4486.00	10165.00	5070.00	4973.00	20198.00	10165.00	7709.00	16502.00	5072.00	8224.00	4475.00	7897.00	8344.00	5108.00	7759.00	39037.00	10165.00	13219.00	9194.00	10165.00	5488.00	9934.00	7445.00	8178.00	6363.00	9778.00	4302.00	5844.00	8680.00	28484.00	2770.00	17431.00
24222.00	32459.00	17625.00	46040.00	18416.00	41615.00	21336.00	49806.00	49806.00	46980.00	35858.00	33835.00	31847.00	48779.00	17029.00	39641.00	0.00	22446.00	49806.00	49806.00	26649.00	27452.00	22029.00	49806.00	35190.00	49706.00	49806.00	49440.00	49435.00	46186.00	17994.00	49792.00	49806.00	46636.00	35923.00	23936.00	49475.00	36347.00	18336.00	43400.00	49806.00	41659.00	14585.00	49806.00	43109.00	42684.00	45238.00	26099.00	49806.00	49806.00	49806.00	49806.00	49806.00	48804.00	45231.00	49806.00	49706.00	42749.00	16115.00	46665.00	49750.00	35585.00	41696.00	45926.00	45380.00	49806.00	35066.00	36162.00	49806.00	49807.00	49806.00	33991.00	48178.00	26653.00	34632.00	49807.00	30276.00	29940.00	13179.00	39634.00	49806.00	15185.00	10046.00	41010.00	24789.00	49806.00	34413.00	22662.00	38392.00	46911.00	22447.00	49788.00	20544.00	32353.00	27962.00	39711.00	38340.00	33060.00	38064.00	29273.00	38798.00	31371.00	30013.00	38528.00	38479.00	31558.00	37467.00	49807.00	39642.00	35183.00	39274.00	36768.00	32308.00	31226.00	49806.00	49807.00	49807.00	40787.00	38283.00	38382.00	49807.00	40292.00	37286.00	40019.00	28785.00	28130.00	49806.00	47440.00	21387.00	41382.00	42604.00	35347.00	38558.00	38828.00	28189.00	30676.00	20214.00	21828.00	39647.00	43763.00	44092.00	37125.00	30990.00	32574.00	28520.00	37415.00	49807.00	41591.00	34619.00	49806.00	31708.00	20687.00	35128.00	49806.00	33650.00	47421.00	49806.00	33326.00	49806.00	39655.00	25747.00	21911.00	22748.00	42725.00	49807.00	27441.00	36273.00	49806.00	35823.00	34672.00	19445.00	49806.00	47350.00	23139.00	35675.00	33221.00	44112.00	39604.00	39869.00	35525.00	46118.00	34424.00	49806.00	27516.00	48835.00	49806.00	44021.00	29707.00	47064.00	47819.00	39892.00	36603.00	38163.00	36967.00	48321.00	29759.00	40035.00	22230.00
20706.00	22285.00	12219.00	35832.00	16446.00	29257.00	12654.00	39590.00	39590.00	36764.00	27394.00	23703.00	17757.00	38563.00	21877.00	29459.00	22446.00	0.00	39590.00	39590.00	16517.00	17320.00	15007.00	39590.00	25344.00	39498.00	39590.00	39224.00	39229.00	35998.00	21186.00	39578.00	39590.00	36422.00	32841.00	11520.00	39259.00	35849.00	22874.00	33192.00	39590.00	31469.00	13161.00	39590.00	32961.00	32542.00	35106.00	14905.00	39590.00	39590.00	39590.00	39590.00	39590.00	38594.00	35053.00	39590.00	39492.00	32535.00	12505.00	36473.00	39534.00	25369.00	31484.00	35736.00	35206.00	39590.00	34930.00	23864.00	39590.00	39591.00	39590.00	23795.00	37962.00	16573.00	24418.00	39591.00	20144.00	19734.00	20639.00	30360.00	39590.00	23825.00	22522.00	30808.00	17437.00	39590.00	24649.00	26362.00	28176.00	36695.00	11691.00	39572.00	16114.00	22149.00	16796.00	29495.00	28148.00	19916.00	27848.00	13625.00	28582.00	20619.00	12575.00	28312.00	28269.00	20558.00	27251.00	39591.00	29426.00	19129.00	29060.00	26552.00	22522.00	12098.00	39590.00	39591.00	39591.00	22533.00	21125.00	23788.00	39591.00	21968.00	19264.00	23251.00	18591.00	17930.00	39590.00	37242.00	11861.00	32154.00	32406.00	25015.00	28352.00	28656.00	17875.00	19204.00	10964.00	10144.00	29515.00	33585.00	33900.00	26993.00	23436.00	24842.00	21144.00	27283.00	39591.00	31699.00	25381.00	39590.00	12418.00	30469.00	24960.00	39590.00	24572.00	37261.00	39590.00	23140.00	39590.00	29493.00	35161.00	28817.00	12770.00	26041.00	39591.00	16197.00	26139.00	39590.00	25649.00	24486.00	14671.00	39590.00	37154.00	13803.00	25543.00	23015.00	33906.00	29406.00	29665.00	26677.00	35916.00	40202.00	39590.00	19112.00	38629.00	39590.00	33829.00	20253.00	36858.00	37611.00	29288.00	30679.00	27969.00	26765.00	38107.00	12605.00	29837.00	13856.00
29912.00	17347.00	39557.00	3766.00	41950.00	16763.00	28562.00	0.00	0.00	2826.00	13948.00	16201.00	22415.00	1027.00	61467.00	10165.00	49806.00	39590.00	0.00	0.00	23319.00	22486.00	27777.00	0.00	14616.00	100.00	0.00	366.00	371.00	3620.00	39922.00	14.00	0.00	3170.00	14553.00	29866.00	331.00	45661.00	62464.00	6406.00	0.00	8147.00	38923.00	0.00	6697.00	7122.00	4612.00	27499.00	0.00	0.00	0.00	0.00	0.00	1002.00	4575.00	0.00	100.00	7057.00	37229.00	3141.00	56.00	14221.00	8110.00	3880.00	4426.00	0.00	16846.00	18262.00	0.00	1.00	0.00	15815.00	1628.00	23153.00	15174.00	1.00	19578.00	19866.00	54611.00	10172.00	0.00	39413.00	52440.00	8796.00	44829.00	0.00	15393.00	35292.00	11414.00	2895.00	40479.00	18.00	29262.00	17453.00	22836.00	10095.00	11466.00	19674.00	11742.00	27323.00	11008.00	18971.00	28419.00	11278.00	11327.00	19032.00	12339.00	1.00	10164.00	20461.00	10532.00	13038.00	17502.00	34440.00	0.00	1.00	1.00	18113.00	18465.00	15802.00	1.00	17622.00	20660.00	17183.00	21021.00	21676.00	0.00	2366.00	34913.00	8424.00	7202.00	14581.00	11248.00	10978.00	21743.00	21142.00	35422.00	31040.00	10159.00	6043.00	5714.00	12805.00	18816.00	17232.00	21286.00	12617.00	1.00	8317.00	15187.00	0.00	29756.00	38793.00	14678.00	0.00	16156.00	2385.00	0.00	16480.00	0.00	10151.00	74751.00	32201.00	43322.00	26445.00	1.00	23425.00	13533.00	0.00	13983.00	15134.00	30361.00	0.00	2456.00	26667.00	14169.00	16585.00	5694.00	10202.00	9937.00	14281.00	3688.00	44654.00	0.00	22290.00	971.00	0.00	5785.00	20099.00	2742.00	1987.00	10322.00	13531.00	11643.00	12839.00	1485.00	38641.00	9771.00	27576.00
29912.00	17347.00	39557.00	3766.00	41950.00	16763.00	28562.00	0.00	0.00	2826.00	13948.00	16201.00	22415.00	1027.00	61467.00	10165.00	49806.00	39590.00	0.00	0.00	23319.00	22486.00	27777.00	0.00	14616.00	100.00	0.00	366.00	371.00	3620.00	39922.00	14.00	0.00	3170.00	14553.00	29866.00	331.00	45661.00	62464.00	6406.00	0.00	8147.00	38923.00	0.00	6697.00	7122.00	4612.00	27499.00	0.00	0.00	0.00	0.00	0.00	1002.00	4575.00	0.00	100.00	7057.00	37229.00	3141.00	56.00	14221.00	8110.00	3880.00	4426.00	0.00	16846.00	18262.00	0.00	1.00	0.00	15815.00	1628.00	23153.00	15174.00	1.00	19578.00	19866.00	54611.00	10172.00	0.00	39413.00	52440.00	8796.00	44829.00	0.00	15393.00	35292.00	11414.00	2895.00	40479.00	18.00	29262.00	17453.00	22836.00	10095.00	11466.00	19674.00	11742.00	27323.00	11008.00	18971.00	28419.00	11278.00	11327.00	19032.00	12339.00	1.00	10164.00	20461.00	10532.00	13038.00	17502.00	34440.00	0.00	1.00	1.00	18113.00	18465.00	15802.00	1.00	17622.00	20660.00	17183.00	21021.00	21676.00	0.00	2366.00	34913.00	8424.00	7202.00	14581.00	11248.00	10978.00	21743.00	21142.00	35422.00	31040.00	10159.00	6043.00	5714.00	12805.00	18816.00	17232.00	21286.00	12617.00	1.00	8317.00	15187.00	0.00	29756.00	38793.00	14678.00	0.00	16156.00	2385.00	0.00	16480.00	0.00	10151.00	74751.00	32201.00	43322.00	26445.00	1.00	23425.00	13533.00	0.00	13983.00	15134.00	30361.00	0.00	2456.00	26667.00	14169.00	16585.00	5694.00	10202.00	9937.00	14281.00	3688.00	44654.00	0.00	22290.00	971.00	0.00	5785.00	20099.00	2742.00	1987.00	10322.00	13531.00	11643.00	12839.00	1485.00	38641.00	9771.00	27576.00
13063.00	7032.00	16420.00	19553.00	27631.00	17708.00	6341.00	23319.00	23319.00	20493.00	12549.00	7186.00	9660.00	22292.00	38290.00	13154.00	26649.00	16517.00	23319.00	23319.00	0.00	3195.00	8204.00	23319.00	14525.00	23219.00	23319.00	22953.00	22948.00	19699.00	23547.00	23305.00	23319.00	21209.00	18438.00	11905.00	22988.00	36610.00	39385.00	17077.00	23319.00	15172.00	17676.00	23319.00	16622.00	16197.00	18707.00	7934.00	23319.00	23319.00	23319.00	23319.00	23319.00	22317.00	18744.00	23319.00	23219.00	16262.00	14140.00	20178.00	23263.00	9116.00	15209.00	19439.00	18893.00	23319.00	21825.00	20555.00	23319.00	23320.00	23319.00	7930.00	21691.00	2240.00	9533.00	23320.00	3847.00	5565.00	31526.00	17795.00	23319.00	21928.00	29517.00	14523.00	21754.00	23319.00	10354.00	22709.00	13113.00	20424.00	18654.00	23301.00	8267.00	7516.00	4417.00	13224.00	11853.00	9005.00	11693.00	10002.00	12311.00	7688.00	11966.00	13261.00	11992.00	8461.00	11888.00	23320.00	13155.00	11704.00	15579.00	12269.00	6827.00	15975.00	23319.00	23320.00	23320.00	17996.00	15408.00	14211.00	23320.00	17501.00	16139.00	16586.00	5188.00	3237.00	23319.00	20953.00	11854.00	16003.00	16117.00	11046.00	12447.00	12341.00	5720.00	9681.00	12337.00	7959.00	13160.00	17276.00	17605.00	10514.00	14057.00	14175.00	12579.00	10766.00	23320.00	15374.00	13434.00	23319.00	8917.00	28718.00	8641.00	23319.00	8837.00	20934.00	23319.00	9707.00	23319.00	13168.00	51534.00	18288.00	20225.00	18670.00	23320.00	4974.00	9786.00	23319.00	9826.00	8185.00	8904.00	23319.00	20863.00	4324.00	9694.00	7194.00	17625.00	13117.00	13468.00	12298.00	19631.00	37889.00	23319.00	5321.00	22348.00	23319.00	17534.00	5068.00	20577.00	21332.00	14093.00	19672.00	11676.00	10480.00	21834.00	17506.00	13548.00	11261.00
13778.00	7103.00	17223.00	18720.00	28054.00	18279.00	6282.00	22486.00	22486.00	19660.00	11112.00	6383.00	11925.00	21459.00	39093.00	12321.00	27452.00	17320.00	22486.00	22486.00	3195.00	0.00	7697.00	22486.00	13276.00	22386.00	22486.00	22120.00	22115.00	18866.00	26052.00	22472.00	22486.00	19612.00	16841.00	11886.00	22155.00	38693.00	40188.00	16592.00	22486.00	14339.00	17063.00	22486.00	15789.00	15364.00	17874.00	9313.00	22486.00	22486.00	22486.00	22486.00	22486.00	21484.00	17911.00	22486.00	22386.00	15429.00	14943.00	19345.00	22430.00	8631.00	14376.00	18606.00	18060.00	22486.00	20604.00	23350.00	22486.00	22487.00	22486.00	7577.00	20858.00	1969.00	8676.00	22487.00	3406.00	4834.00	32329.00	15204.00	22486.00	23407.00	30146.00	15376.00	23161.00	22486.00	9611.00	22482.00	11072.00	19591.00	20981.00	22468.00	7942.00	5965.00	6358.00	12659.00	11020.00	10982.00	10744.00	11621.00	11478.00	9917.00	13003.00	11434.00	11159.00	9158.00	10147.00	22487.00	12322.00	13377.00	13526.00	10442.00	5480.00	17354.00	22486.00	22487.00	22487.00	20785.00	18545.00	16522.00	22487.00	20290.00	19276.00	19375.00	3121.00	1798.00	22486.00	20120.00	12619.00	15198.00	15284.00	12749.00	11238.00	11508.00	7701.00	10816.00	13140.00	8762.00	12327.00	16443.00	16772.00	9681.00	11348.00	11992.00	10762.00	9963.00	22487.00	14559.00	12687.00	22486.00	12000.00	27619.00	8676.00	22486.00	7662.00	20101.00	22486.00	7880.00	22486.00	12335.00	52337.00	16551.00	21028.00	21021.00	22487.00	7849.00	8953.00	22486.00	9113.00	7352.00	9505.00	22486.00	20030.00	5377.00	9179.00	8577.00	16792.00	12580.00	12549.00	10701.00	18798.00	35804.00	22486.00	5510.00	21515.00	22486.00	16701.00	3791.00	19744.00	20499.00	14376.00	17845.00	10999.00	10629.00	21001.00	18883.00	12715.00	9264.00
18353.00	10762.00	17180.00	24011.00	27397.00	21024.00	7093.00	27777.00	27777.00	24951.00	18457.00	11886.00	15088.00	26750.00	33690.00	17612.00	22029.00	15007.00	27777.00	27777.00	8204.00	7697.00	0.00	27777.00	13903.00	27677.00	27777.00	27411.00	27406.00	24157.00	28253.00	27763.00	27777.00	24607.00	17864.00	7535.00	27446.00	35506.00	34735.00	21371.00	27777.00	19630.00	13688.00	27777.00	21094.00	20675.00	23239.00	9178.00	27777.00	27777.00	27777.00	27777.00	27777.00	26775.00	23202.00	27777.00	27677.00	20720.00	11470.00	24636.00	27721.00	14136.00	19667.00	23897.00	23351.00	27777.00	20589.00	23937.00	27777.00	27778.00	27777.00	12076.00	26149.00	7434.00	13833.00	27778.00	8865.00	8055.00	26876.00	17605.00	27777.00	21970.00	25179.00	19967.00	25772.00	27777.00	12414.00	21631.00	16363.00	24882.00	23182.00	27759.00	8985.00	12210.00	9601.00	17682.00	16311.00	14225.00	16035.00	12012.00	16769.00	13322.00	13954.00	16499.00	16450.00	10975.00	15438.00	27778.00	17613.00	17354.00	17245.00	14739.00	10995.00	14467.00	27777.00	27778.00	27778.00	24028.00	21334.00	19841.00	27778.00	23533.00	20527.00	22618.00	8842.00	6715.00	27777.00	25411.00	12720.00	20679.00	20575.00	16070.00	16529.00	16799.00	10886.00	13969.00	13479.00	8973.00	17648.00	21734.00	22063.00	15126.00	12761.00	14279.00	12009.00	15416.00	27778.00	20172.00	16760.00	27777.00	15251.00	21442.00	13267.00	27777.00	13449.00	25394.00	27777.00	11297.00	27777.00	17626.00	46974.00	22034.00	16709.00	24264.00	27778.00	11824.00	14272.00	27777.00	13794.00	12643.00	10184.00	27777.00	25321.00	5186.00	13908.00	13358.00	22083.00	17575.00	18410.00	13496.00	24089.00	39323.00	27777.00	11739.00	26806.00	27777.00	21992.00	9204.00	25035.00	25790.00	18949.00	19750.00	16134.00	14938.00	26292.00	20608.00	18006.00	6193.00
