0.0000	12.3547	10.4147	36.0511	7.8177	20.9533	0.8063	55.4686	55.4686	39.1082	18.5649	13.3760	7.9207	46.9659	27.0791	22.5639	18.0560	9.8661	55.4686	55.4686	4.8359	5.6517	0.5333	55.4686	18.7864	53.0477	55.4686	50.0373	49.7914	38.4687	5.8170	54.7357	55.4686	43.3750	20.8923	1.1410	50.9546	5.8779	27.1874	31.8975	55.4686	26.6805	9.6377	55.4686	29.3671	28.0035	33.1932	0.9611	55.4686	55.4686	55.4686	55.4686	55.4686	47.5849	34.5294	55.4686	52.5086	31.7099	8.7859	38.2092	53.4102	17.4640	29.6313	37.8286	34.0349	55.4686	25.1898	22.7597	55.4686	55.4686	55.4686	14.3854	46.2053	4.7873	15.8169	55.4686	8.9571	8.8968	22.2572	26.3975	55.4686	7.2644	19.9638	26.4545	13.9679	55.4686	15.3573	3.1467	26.8181	39.7393	9.9813	54.2044	1.3208	12.0738	5.6526	23.5724	20.9236	10.3544	19.8538	1.7361	21.6859	11.1317	1.4689	21.3521	20.5089	11.4218	19.5740	55.4686	23.2935	10.6422	23.9242	19.0169	11.7636	4.3603	55.4686	55.4686	55.4686	20.0111	18.3859	21.8021	55.4686	20.0708	15.7430	19.4557	7.3987	6.4691	55.4686	41.8198	6.4758	28.2881	28.7828	17.0792	22.8110	20.6853	7.3951	8.7827	6.9659	2.9750	22.6091	30.6816	33.3627	18.5534	12.4359	17.2527	9.3408	18.6677	55.4686	28.3950	16.6848	55.4686	0.2872	4.7758	15.8034	55.4686	14.5036	40.5401	55.4686	13.4074	55.4686	22.2473	35.0406	0.5486	13.2837	7.8543	55.4686	5.2094	17.1024	55.4686	17.1199	14.5442	2.0231	55.4686	39.3236	1.2273	16.6055	13.6728	31.4621	23.2186	25.6215	16.7428	39.3935	5.8676	55.4686	6.4243	46.3625	55.4686	30.8022	8.4835	39.4518	41.0987	24.5077	22.4586	20.3103	19.1880	47.5912	7.2698	23.7164	1.3920
12.3547	0.0000	22.7694	23.6964	20.1725	8.5985	13.1610	43.1139	43.1139	26.7534	6.2102	1.0213	4.4340	34.6112	39.4338	10.2092	30.4107	22.2208	43.1139	43.1139	7.5188	6.7030	11.8215	43.1139	6.4317	40.6929	43.1139	37.6826	37.4367	26.1140	18.1717	42.3810	43.1139	31.0203	8.5376	13.4957	38.5999	18.2326	39.5421	19.5428	43.1139	14.3258	21.9924	43.1139	17.0124	15.6488	20.8385	11.3936	43.1139	43.1139	43.1139	43.1139	43.1139	35.2302	22.1747	43.1139	40.1538	19.3552	21.1406	25.8544	41.0555	5.1092	17.2766	25.4739	21.6802	43.1139	12.8351	10.4049	43.1139	43.1139	43.1139	2.0307	33.8506	7.5674	3.4622	43.1139	3.3976	3.4579	34.6119	14.0428	43.1139	19.6191	32.3185	14.0998	26.3226	43.1139	3.0026	15.5014	14.4634	27.3846	22.3360	41.8497	13.6755	0.2809	6.7021	11.2176	8.5689	2.0003	7.4991	10.6186	9.3312	1.2230	10.8859	8.9974	8.1542	0.9329	7.2193	43.1139	10.9388	1.7125	11.5695	6.6622	0.5911	16.7150	43.1139	43.1139	43.1139	7.6564	6.0312	9.4474	43.1139	7.7161	3.3883	7.1010	4.9560	5.8856	43.1139	29.4651	18.8305	15.9334	16.4281	4.7245	10.4563	8.3305	4.9596	3.5720	19.3206	15.3297	10.2544	18.3268	21.0079	6.1987	0.0812	4.8980	3.0139	6.3130	43.1139	16.0403	4.3301	43.1139	12.6419	17.1305	3.4487	43.1139	2.1489	28.1854	43.1139	1.0527	43.1139	9.8925	47.3954	12.9033	25.6384	4.5004	43.1139	7.1453	4.7477	43.1139	4.7652	2.1894	14.3778	43.1139	26.9689	11.1275	4.2508	1.3181	19.1074	10.8639	13.2668	4.3881	27.0388	18.2223	43.1139	5.9304	34.0078	43.1139	18.4474	3.8712	27.0971	28.7439	12.1530	10.1039	7.9555	6.8333	35.2365	19.6245	11.3616	10.9627
10.4147	22.7694	0.0000	46.4657	2.5969	31.3679	9.6083	65.8833	65.8833	49.5228	28.9796	23.7906	18.3354	57.3806	16.6644	32.9786	7.6413	0.5485	65.8833	65.8833	15.2506	16.0664	10.9479	65.8833	29.2011	63.4623	65.8833	60.4520	60.2061	48.8834	4.5976	65.1504	65.8833	53.7897	31.3070	9.2736	61.3693	4.5367	16.7727	42.3121	65.8833	37.0951	0.7769	65.8833	39.7818	38.4182	43.6078	11.3758	65.8833	65.8833	65.8833	65.8833	65.8833	57.9996	44.9441	65.8833	62.9232	42.1246	1.6288	48.6238	63.8248	27.8786	40.0460	48.2433	44.4496	65.8833	35.6045	33.1743	65.8833	65.8833	65.8833	24.8001	56.6200	15.2020	26.2316	65.8833	19.3717	19.3114	11.8425	36.8122	65.8833	3.1503	9.5491	36.8692	3.5533	65.8833	25.7720	7.2680	37.2328	50.1540	0.4334	64.6191	9.0938	22.4884	16.0673	33.9870	31.3383	20.7691	30.2684	12.1508	32.1005	21.5464	11.8835	31.7668	30.9236	21.8365	29.9886	65.8833	33.7082	21.0569	34.3389	29.4315	22.1782	6.0543	65.8833	65.8833	65.8833	30.4258	28.8005	32.2167	65.8833	30.4855	26.1577	29.8704	17.8134	16.8837	65.8833	52.2345	3.9388	38.7028	39.1974	27.4939	33.2256	31.0999	17.8098	19.1974	3.4487	7.4396	33.0238	41.0962	43.7773	28.9680	22.8506	27.6673	19.7555	29.0824	65.8833	38.8096	27.0995	65.8833	10.1275	5.6388	26.2181	65.8833	24.9183	50.9548	65.8833	23.8221	65.8833	32.6619	24.6260	9.8660	2.8690	18.2689	65.8833	15.6241	27.5171	65.8833	27.5346	24.9588	8.3915	65.8833	49.7383	11.6419	27.0201	24.0874	41.8767	33.6332	36.0362	27.1575	49.8081	4.5471	65.8833	16.8390	56.7771	65.8833	41.2168	18.8982	49.8665	51.5133	34.9223	32.8733	30.7249	29.6027	58.0059	3.1449	34.1310	11.8067
36.0511	23.6964	46.4657	0.0000	43.8688	15.0978	36.8574	19.4175	19.4175	3.0571	17.4861	22.6751	28.1304	10.9148	63.1302	13.4871	54.1071	45.9172	19.4175	19.4175	31.2151	30.3994	35.5178	19.4175	17.2646	16.9966	19.4175	13.9862	13.7404	2.4176	41.8681	18.6846	19.4175	7.3239	15.1588	37.1921	14.9035	41.9290	63.2384	4.1536	19.4175	9.3706	45.6888	19.4175	6.6839	8.0476	2.8579	35.0899	19.4175	19.4175	19.4175	19.4175	19.4175	11.5338	1.5216	19.4175	16.4575	4.3412	44.8370	2.1581	17.3591	18.5871	6.4198	1.7775	2.0162	19.4175	10.8613	13.2914	19.4175	19.4175	19.4175	21.6656	10.1542	31.2638	20.2341	19.4175	27.0940	27.1543	58.3083	9.6536	19.4175	43.3154	56.0149	9.5966	50.0190	19.4175	20.6938	39.1978	9.2330	3.6882	46.0324	18.1533	37.3719	23.9773	30.3985	12.4787	15.1275	25.6967	16.1973	34.3150	14.3652	24.9194	34.5822	14.6989	15.5422	24.6293	16.4771	19.4175	12.7576	25.4089	12.1269	17.0342	24.2875	40.4114	19.4175	19.4175	19.4175	16.0399	17.6652	14.2490	19.4175	15.9803	20.3080	16.5953	28.6523	29.5820	19.4175	5.7687	42.5269	7.7630	7.2683	18.9719	13.2401	15.3658	28.6560	27.2684	43.0170	39.0261	13.4420	5.3695	2.6884	17.4977	23.6152	18.7984	26.7103	17.3834	19.4175	7.6561	19.3663	19.4175	36.3382	40.8269	20.2477	19.4175	21.5475	4.4891	19.4175	22.6437	19.4175	13.8038	71.0917	36.5997	49.3348	28.1968	19.4175	30.8417	18.9487	19.4175	18.9312	21.5069	38.0742	19.4175	3.2725	34.8238	19.4456	22.3783	4.5890	12.8325	10.4296	19.3083	3.3424	41.9187	19.4175	29.6268	10.3114	19.4175	5.2489	27.5676	3.4007	5.0476	11.5434	13.5925	15.7408	16.8631	11.5401	43.3209	12.3347	34.6590
7.8177	20.1725	2.5969	43.8688	0.0000	28.7710	7.0114	63.2863	63.2863	46.9259	26.3827	21.1937	15.7384	54.7837	19.2613	30.3817	10.2382	2.0484	63.2863	63.2863	12.6537	13.4694	8.3510	63.2863	26.6042	60.8654	63.2863	57.8551	57.6092	46.2864	2.0007	62.5535	63.2863	51.1928	28.7101	6.6767	58.7724	1.9398	19.3696	39.7152	63.2863	34.4982	1.8200	63.2863	37.1849	35.8212	41.0109	8.7789	63.2863	63.2863	63.2863	63.2863	63.2863	55.4027	42.3472	63.2863	60.3263	39.5277	0.9681	46.0269	61.2279	25.2817	37.4490	45.6463	41.8526	63.2863	33.0075	30.5774	63.2863	63.2863	63.2863	22.2032	54.0231	12.6051	23.6347	63.2863	16.7748	16.7145	14.4394	34.2153	63.2863	0.5534	12.1460	34.2722	6.1502	63.2863	23.1750	4.6711	34.6359	47.5570	2.1636	62.0221	6.4969	19.8915	13.4704	31.3901	28.7414	18.1721	27.6715	9.5539	29.5036	18.9494	9.2866	29.1699	28.3266	19.2396	27.3917	63.2863	31.1113	18.4599	31.7420	26.8346	19.5813	3.4574	63.2863	63.2863	63.2863	27.8289	26.2036	29.6198	63.2863	27.8886	23.5608	27.2735	15.2165	14.2868	63.2863	49.6376	1.3419	36.1059	36.6005	24.8970	30.6287	28.5030	15.2129	16.6004	0.8518	4.8427	30.4269	38.4993	41.1804	26.3711	20.2536	25.0704	17.1585	26.4854	63.2863	36.2127	24.5026	63.2863	7.5306	3.0419	23.6211	63.2863	22.3213	48.3579	63.2863	21.2251	63.2863	30.0650	27.2229	7.2691	5.4660	15.6720	63.2863	13.0271	24.9202	63.2863	24.9377	22.3619	5.7946	63.2863	47.1413	9.0450	24.4232	21.4905	39.2798	31.0363	33.4393	24.5605	47.2112	1.9501	63.2863	14.2420	54.1802	63.2863	38.6199	16.3013	47.2696	48.9164	32.3254	30.2763	28.1280	27.0057	55.4090	0.5480	31.5341	9.2098
20.9533	8.5985	31.3679	15.0978	28.7710	0.0000	21.7596	34.5153	34.5153	18.1549	2.3883	7.5773	13.0325	26.0127	48.0323	1.6107	39.0092	30.8194	34.5153	34.5153	16.1173	15.3015	20.4200	34.5153	2.1668	32.0944	34.5153	29.0841	28.8382	17.5154	26.7703	33.7825	34.5153	22.4218	0.0609	22.0943	30.0014	26.8312	48.1406	10.9442	34.5153	5.7272	30.5910	34.5153	8.4139	7.0503	12.2399	19.9921	34.5153	34.5153	34.5153	34.5153	34.5153	26.6317	13.5762	34.5153	31.5553	10.7567	29.7391	17.2559	32.4569	3.4893	8.6781	16.8754	13.0816	34.5153	4.2365	1.8064	34.5153	34.5153	34.5153	6.5678	25.2521	16.1659	5.1363	34.5153	11.9962	12.0565	43.2104	5.4443	34.5153	28.2176	40.9170	5.5013	34.9212	34.5153	5.5959	24.0999	5.8649	18.7860	30.9345	33.2511	22.2741	8.8795	15.3006	2.6191	0.0296	10.5988	1.0995	19.2171	0.7326	9.8216	19.4844	0.3989	0.4444	9.5314	1.3793	34.5153	2.3403	10.3110	2.9710	1.9364	9.1897	25.3136	34.5153	34.5153	34.5153	0.9421	2.5674	0.8488	34.5153	0.8824	5.2102	1.4975	13.5545	14.4842	34.5153	20.8666	27.4291	7.3349	7.8295	3.8740	1.8577	0.2680	13.5581	12.1706	27.9192	23.9283	1.6559	9.7283	12.4094	2.3999	8.5174	3.7006	11.6125	2.2855	34.5153	7.4417	4.2684	34.5153	21.2404	25.7291	5.1498	34.5153	6.4497	19.5869	34.5153	7.5459	34.5153	1.2940	55.9939	21.5019	34.2369	13.0990	34.5153	15.7439	3.8508	34.5153	3.8333	6.4091	22.9764	34.5153	18.3703	19.7260	4.3478	7.2805	10.5088	2.2653	4.6683	4.2104	18.4402	26.8208	34.5153	14.5289	25.4092	34.5153	9.8489	12.4697	18.4986	20.1454	3.5544	1.5054	0.6430	1.7653	26.6380	28.2230	2.7631	19.5612
0.8063	13.1610	9.6083	36.8574	7.0114	21.7596	0.0000	56.2749	56.2749	39.9145	19.3712	14.1823	8.7270	47.7722	26.2728	23.3702	17.2497	9.0598	56.2749	56.2749	5.6422	6.4580	1.3396	56.2749	19.5928	53.8540	56.2749	50.8436	50.5977	39.2750	5.0107	55.5420	56.2749	44.1813	21.6986	0.3347	51.7609	5.0716	26.3811	32.7038	56.2749	27.4868	8.8314	56.2749	30.1735	28.8098	33.9995	1.7675	56.2749	56.2749	56.2749	56.2749	56.2749	48.3912	35.3357	56.2749	53.3149	32.5162	7.9796	39.0155	54.2165	18.2703	30.4376	38.6349	34.8412	56.2749	25.9961	23.5660	56.2749	56.2749	56.2749	15.1917	47.0116	5.5936	16.6232	56.2749	9.7634	9.7031	21.4509	27.2038	56.2749	6.4581	19.1575	27.2608	13.1616	56.2749	16.1636	2.3404	27.6244	40.5456	9.1750	55.0107	0.5145	12.8801	6.4589	24.3787	21.7299	11.1607	20.6601	2.5424	22.4922	11.9380	2.2752	22.1584	21.3152	12.2281	20.3803	56.2749	24.0998	11.4485	24.7305	19.8232	12.5699	3.5540	56.2749	56.2749	56.2749	20.8174	19.1922	22.6084	56.2749	20.8771	16.5494	20.2621	8.2050	7.2754	56.2749	42.6261	5.6695	29.0944	29.5891	17.8855	23.6173	21.4916	8.2014	9.5890	6.1596	2.1687	23.4154	31.4879	34.1690	19.3597	13.2422	18.0590	10.1471	19.4740	56.2749	29.2013	17.4911	56.2749	0.5191	3.9695	16.6097	56.2749	15.3099	41.3465	56.2749	14.2137	56.2749	23.0536	34.2343	0.2577	12.4774	8.6606	56.2749	6.0157	17.9087	56.2749	17.9262	15.3505	1.2168	56.2749	40.1299	2.0336	17.4118	14.4791	32.2684	24.0249	26.4278	17.5491	40.1998	5.0613	56.2749	7.2306	47.1688	56.2749	31.6085	9.2898	40.2581	41.9050	25.3140	23.2649	21.1166	19.9943	48.3975	6.4635	24.5227	2.1983
55.4686	43.1139	65.8833	19.4175	63.2863	34.5153	56.2749	0.0000	0.0000	16.3604	36.9037	42.0926	47.5479	8.5027	82.5477	32.9047	73.5246	65.3347	0.0000	0.0000	50.6327	49.8169	54.9353	0.0000	36.6822	2.4209	0.0000	5.4313	5.6772	16.9999	61.2856	0.7329	0.0000	12.0936	34.5763	56.6096	4.5140	61.3465	82.6560	23.5711	0.0000	28.7881	65.1063	0.0000	26.1015	27.4651	22.2754	54.5075	0.0000	0.0000	0.0000	0.0000	0.0000	7.8837	20.9392	0.0000	2.9600	23.7587	64.2545	17.2594	2.0584	38.0046	25.8373	17.6400	21.4337	0.0000	30.2788	32.7089	0.0000	0.0000	0.0000	41.0832	9.2633	50.6813	39.6517	0.0000	46.5115	46.5718	77.7258	29.0711	0.0000	62.7330	75.4324	29.0141	69.4365	0.0000	40.1113	58.6153	28.6505	15.7293	65.4499	1.2642	56.7894	43.3948	49.8160	31.8962	34.5450	45.1142	35.6148	53.7325	33.7827	44.3369	53.9997	34.1165	34.9597	44.0468	35.8946	0.0000	32.1751	44.8264	31.5444	36.4517	43.7050	59.8289	0.0000	0.0000	0.0000	35.4575	37.0827	33.6665	0.0000	35.3978	39.7256	36.0129	48.0699	48.9995	0.0000	13.6488	61.9444	27.1805	26.6858	38.3894	32.6576	34.7833	48.0735	46.6859	62.4345	58.4436	32.8595	24.7870	22.1059	36.9152	43.0327	38.2159	46.1278	36.8009	0.0000	27.0736	38.7838	0.0000	55.7558	60.2444	39.6652	0.0000	40.9650	14.9285	0.0000	42.0612	0.0000	33.2213	90.5092	56.0172	68.7523	47.6143	0.0000	50.2592	38.3662	0.0000	38.3487	40.9244	57.4917	0.0000	16.1450	54.2413	38.8631	41.7958	24.0065	32.2500	29.8471	38.7258	16.0751	61.3362	0.0000	49.0443	9.1061	0.0000	24.6664	46.9851	16.0168	14.3699	30.9609	33.0100	35.1583	36.2806	7.8774	62.7384	31.7522	54.0766
55.4686	43.1139	65.8833	19.4175	63.2863	34.5153	56.2749	0.0000	0.0000	16.3604	36.9037	42.0926	47.5479	8.5027	82.5477	32.9047	73.5246	65.3347	0.0000	0.0000	50.6327	49.8169	54.9353	0.0000	36.6822	2.4209	0.0000	5.4313	5.6772	16.9999	61.2856	0.7329	0.0000	12.0936	34.5763	56.6096	4.5140	61.3465	82.6560	23.5711	0.0000	28.7881	65.1063	0.0000	26.1015	27.4651	22.2754	54.5075	0.0000	0.0000	0.0000	0.0000	0.0000	7.8837	20.9392	0.0000	2.9600	23.7587	64.2545	17.2594	2.0584	38.0046	25.8373	17.6400	21.4337	0.0000	30.2788	32.7089	0.0000	0.0000	0.0000	41.0832	9.2633	50.6813	39.6517	0.0000	46.5115	46.5718	77.7258	29.0711	0.0000	62.7330	75.4324	29.0141	69.4365	0.0000	40.1113	58.6153	28.6505	15.7293	65.4499	1.2642	56.7894	43.3948	49.8160	31.8962	34.5450	45.1142	35.6148	53.7325	33.7827	44.3369	53.9997	34.1165	34.9597	44.0468	35.8946	0.0000	32.1751	44.8264	31.5444	36.4517	43.7050	59.8289	0.0000	0.0000	0.0000	35.4575	37.0827	33.6665	0.0000	35.3978	39.7256	36.0129	48.0699	48.9995	0.0000	13.6488	61.9444	27.1805	26.6858	38.3894	32.6576	34.7833	48.0735	46.6859	62.4345	58.4436	32.8595	24.7870	22.1059	36.9152	43.0327	38.2159	46.1278	36.8009	0.0000	27.0736	38.7838	0.0000	55.7558	60.2444	39.6652	0.0000	40.9650	14.9285	0.0000	42.0612	0.0000	33.2213	90.5092	56.0172	68.7523	47.6143	0.0000	50.2592	38.3662	0.0000	38.3487	40.9244	57.4917	0.0000	16.1450	54.2413	38.8631	41.7958	24.0065	32.2500	29.8471	38.7258	16.0751	61.3362	0.0000	49.0443	9.1061	0.0000	24.6664	46.9851	16.0168	14.3699	30.9609	33.0100	35.1583	36.2806	7.8774	62.7384	31.7522	54.0766
39.1082	26.7534	49.5228	3.0571	46.9259	18.1549	39.9145	16.3604	16.3604	0.0000	20.5432	25.7322	31.1874	7.8578	66.1872	16.5442	57.1641	48.9743	16.3604	16.3604	34.2722	33.4565	38.5749	16.3604	20.3217	13.9395	16.3604	10.9292	10.6833	0.6395	44.9252	15.6276	16.3604	4.2669	18.2158	40.2492	11.8465	44.9861	66.2955	7.2107	16.3604	12.4277	48.7459	16.3604	9.7410	11.1047	5.9150	38.1470	16.3604	16.3604	16.3604	16.3604	16.3604	8.4768	4.5787	16.3604	13.4004	7.3982	47.8940	0.8990	14.3020	21.6442	9.4769	1.2796	5.0733	16.3604	13.9184	16.3485	16.3604	16.3604	16.3604	24.7227	7.0972	34.3208	23.2912	16.3604	30.1511	30.2114	61.3653	12.7106	16.3604	46.3725	59.0719	12.6537	53.0761	16.3604	23.7509	42.2548	12.2900	0.6311	49.0895	15.0962	40.4290	27.0344	33.4555	15.5358	18.1845	28.7537	19.2544	37.3720	17.4223	27.9765	37.6393	17.7560	18.5993	27.6863	19.5342	16.3604	15.8146	28.4659	15.1839	20.0913	27.3446	43.4685	16.3604	16.3604	16.3604	19.0970	20.7223	17.3061	16.3604	19.0373	23.3651	19.6524	31.7094	32.6391	16.3604	2.7117	45.5840	10.8200	10.3254	22.0289	16.2972	18.4229	31.7130	30.3255	46.0741	42.0832	16.4990	8.4266	5.7455	20.5548	26.6723	21.8555	29.7674	20.4404	16.3604	10.7132	22.4233	16.3604	39.3953	43.8840	23.3047	16.3604	24.6046	1.4320	16.3604	25.7008	16.3604	16.8609	74.1488	39.6568	52.3918	31.2539	16.3604	33.8988	22.0057	16.3604	21.9882	24.5640	41.1313	16.3604	0.2154	37.8809	22.5027	25.4354	7.6461	15.8896	13.4866	22.3654	0.2853	44.9757	16.3604	32.6838	7.2543	16.3604	8.3060	30.6246	0.3437	1.9905	14.6005	16.6496	18.7979	19.9202	8.4831	46.3779	15.3918	37.7161
18.5649	6.2102	28.9796	17.4861	26.3827	2.3883	19.3712	36.9037	36.9037	20.5432	0.0000	5.1889	10.6442	28.4010	45.6440	3.9990	36.6209	28.4311	36.9037	36.9037	13.7290	12.9132	18.0317	36.9037	0.2215	34.4827	36.9037	31.4724	31.2265	19.9038	24.3820	36.1708	36.9037	24.8101	2.3274	19.7059	32.3897	24.4429	45.7523	13.3326	36.9037	8.1155	28.2026	36.9037	10.8022	9.4386	14.6282	17.6038	36.9037	36.9037	36.9037	36.9037	36.9037	29.0200	15.9645	36.9037	33.9436	13.1450	27.3508	19.6442	34.8452	1.1010	11.0664	19.2637	15.4700	36.9037	6.6249	4.1947	36.9037	36.9037	36.9037	4.1795	27.6404	13.7776	2.7480	36.9037	9.6078	9.6682	40.8221	7.8326	36.9037	25.8293	38.5287	7.8896	32.5329	36.9037	3.2076	21.7116	8.2532	21.1744	28.5462	35.6395	19.8858	6.4912	12.9123	5.0074	2.3587	8.2105	1.2889	16.8288	3.1209	7.4332	17.0961	2.7872	1.9440	7.1431	1.0091	36.9037	4.7286	7.9227	5.3593	0.4519	6.8014	22.9253	36.9037	36.9037	36.9037	1.4462	0.1791	3.2371	36.9037	1.5059	2.8219	0.8908	11.1662	12.0959	36.9037	23.2549	25.0408	9.7232	10.2178	1.4857	4.2461	2.1203	11.1698	9.7822	25.5309	21.5400	4.0442	12.1166	14.7977	0.0116	6.1290	1.3123	9.2241	0.1028	36.9037	9.8300	1.8801	36.9037	18.8521	23.3407	2.7615	36.9037	4.0613	21.9752	36.9037	5.1575	36.9037	3.6823	53.6056	19.1135	31.8486	10.7107	36.9037	13.3555	1.4625	36.9037	1.4450	4.0208	20.5880	36.9037	20.7587	17.3377	1.9595	4.8922	12.8971	4.6536	7.0566	1.8221	20.8285	24.4325	36.9037	12.1406	27.7975	36.9037	12.2372	10.0814	20.8869	22.5337	5.9427	3.8937	1.7453	0.6231	29.0263	25.8347	5.1514	17.1729
13.3760	1.0213	23.7906	22.6751	21.1937	7.5773	14.1823	42.0926	42.0926	25.7322	5.1889	0.0000	5.4553	33.5899	40.4551	9.1879	31.4320	23.2421	42.0926	42.0926	8.5401	7.7243	12.8427	42.0926	5.4105	39.6717	42.0926	36.6613	36.4154	25.0927	19.1930	41.3597	42.0926	29.9990	7.5163	14.5170	37.5786	19.2539	40.5634	18.5215	42.0926	13.3045	23.0137	42.0926	15.9912	14.6275	19.8172	12.4148	42.0926	42.0926	42.0926	42.0926	42.0926	34.2089	21.1534	42.0926	39.1326	18.3339	22.1619	24.8332	40.0342	4.0880	16.2553	24.4526	20.6589	42.0926	11.8138	9.3837	42.0926	42.0926	42.0926	1.0094	32.8293	8.5887	2.4409	42.0926	4.4189	4.4792	35.6332	13.0215	42.0926	20.6404	33.3398	13.0785	27.3439	42.0926	1.9813	16.5227	13.4421	26.3633	23.3573	40.8284	14.6968	1.3022	7.7234	10.1964	7.5476	3.0216	6.4778	11.6399	8.3099	2.2443	11.9071	7.9761	7.1329	1.9542	6.1980	42.0926	9.9175	2.7338	10.5482	5.6409	1.6124	17.7363	42.0926	42.0926	42.0926	6.6351	5.0099	8.4261	42.0926	6.6948	2.3671	6.0798	5.9773	6.9069	42.0926	28.4438	19.8518	14.9121	15.4068	3.7032	9.4350	7.3093	5.9809	4.5933	20.3419	16.3510	9.2331	17.3056	19.9867	5.1774	0.9401	3.8767	4.0352	5.2917	42.0926	15.0190	3.3088	42.0926	13.6632	18.1518	2.4274	42.0926	1.1276	27.1642	42.0926	0.0314	42.0926	8.8713	48.4166	13.9246	26.6597	5.5217	42.0926	8.1666	3.7264	42.0926	3.7439	1.1682	15.3991	42.0926	25.9476	12.1487	3.2295	0.2968	18.0861	9.8426	12.2455	3.3668	26.0175	19.2436	42.0926	6.9517	32.9865	42.0926	17.4262	4.8925	26.0758	27.7227	11.1317	9.0826	6.9343	5.8120	34.2152	20.6458	10.3404	11.9840
7.9207	4.4340	18.3354	28.1304	15.7384	13.0325	8.7270	47.5479	47.5479	31.1874	10.6442	5.4553	0.0000	39.0452	34.9998	14.6432	25.9767	17.7868	47.5479	47.5479	3.0848	2.2690	7.3874	47.5479	10.8657	45.1270	47.5479	42.1166	41.8707	30.5480	13.7377	46.8150	47.5479	35.4543	12.9716	9.0617	43.0339	13.7986	35.1081	23.9768	47.5479	18.7598	17.5584	47.5479	21.4464	20.0828	25.2725	6.9596	47.5479	47.5479	47.5479	47.5479	47.5479	39.6642	26.6087	47.5479	44.5879	23.7892	16.7066	30.2885	45.4895	9.5432	21.7106	29.9079	26.1142	47.5479	17.2691	14.8390	47.5479	47.5479	47.5479	6.4647	38.2846	3.1334	7.8962	47.5479	1.0364	0.9761	30.1779	18.4768	47.5479	15.1851	27.8845	18.5338	21.8886	47.5479	7.4366	11.0674	18.8974	31.8186	17.9020	46.2837	9.2415	4.1531	2.2681	15.6516	13.0029	2.4337	11.9331	6.1846	13.7652	3.2110	6.4519	13.4314	12.5882	3.5011	11.6533	47.5479	15.3728	2.7215	16.0035	11.0962	3.8429	12.2810	47.5479	47.5479	47.5479	12.0904	10.4652	13.8814	47.5479	12.1501	7.8223	11.5350	0.5220	1.4516	47.5479	33.8991	14.3965	20.3674	20.8621	9.1585	14.8903	12.7646	0.5256	0.8620	14.8866	10.8957	14.6884	22.7608	25.4420	10.6327	4.5152	9.3320	1.4201	10.7470	47.5479	20.4743	8.7641	47.5479	8.2079	12.6965	7.8827	47.5479	6.5829	32.6194	47.5479	5.4867	47.5479	14.3265	42.9614	8.4693	21.2044	0.0664	47.5479	2.7113	9.1817	47.5479	9.1992	6.6235	9.9438	47.5479	31.4029	6.6935	8.6848	5.7521	23.5414	15.2979	17.7008	8.8221	31.4728	13.7883	47.5479	1.4964	38.4418	47.5479	22.8814	0.5628	31.5311	33.1779	16.5870	14.5379	12.3895	11.2673	39.6705	15.1905	15.7957	6.5287
46.9659	34.6112	57.3806	10.9148	54.7837	26.0127	47.7722	8.5027	8.5027	7.8578	28.4010	33.5899	39.0452	0.0000	74.0450	24.4020	65.0219	56.8320	8.5027	8.5027	42.1300	41.3142	46.4326	8.5027	28.1795	6.0818	8.5027	3.0714	2.8255	8.4972	52.7829	7.7698	8.5027	3.5909	26.0736	48.1069	3.9887	52.8438	74.1533	15.0684	8.5027	20.2854	56.6036	8.5027	17.5988	18.9624	13.7727	46.0048	8.5027	8.5027	8.5027	8.5027	8.5027	0.6190	12.4365	8.5027	5.5426	15.2560	55.7518	8.7567	6.4443	29.5020	17.3346	9.1373	12.9310	8.5027	21.7761	24.2062	8.5027	8.5027	8.5027	32.5805	0.7606	42.1786	31.1490	8.5027	38.0088	38.0691	69.2231	20.5684	8.5027	54.2303	66.9297	20.5114	60.9338	8.5027	31.6086	50.1126	20.1478	7.2266	56.9472	7.2385	48.2867	34.8921	41.3133	23.3936	26.0423	36.6115	27.1121	45.2298	25.2800	35.8342	45.4971	25.6138	26.4570	35.5441	27.3919	8.5027	23.6724	36.3237	23.0417	27.9490	35.2023	51.3262	8.5027	8.5027	8.5027	26.9548	28.5800	25.1638	8.5027	26.8951	31.2229	27.5102	39.5672	40.4968	8.5027	5.1461	53.4417	18.6778	18.1831	29.8867	24.1549	26.2806	39.5708	38.1832	53.9318	49.9409	24.3568	16.2844	13.6032	28.4125	34.5300	29.7132	37.6251	28.2982	8.5027	18.5709	30.2811	8.5027	47.2531	51.7417	31.1625	8.5027	32.4623	6.4258	8.5027	33.5585	8.5027	24.7187	82.0066	47.5145	60.2496	39.1116	8.5027	41.7565	29.8635	8.5027	29.8460	32.4217	48.9890	8.5027	7.6423	45.7387	30.3604	33.2931	15.5038	23.7473	21.3444	30.2231	7.5724	52.8335	8.5027	40.5416	0.6034	8.5027	16.1638	38.4824	7.5141	5.8673	22.4582	24.5073	26.6557	27.7779	0.6253	54.2357	23.2495	45.5739
27.0791	39.4338	16.6644	63.1302	19.2613	48.0323	26.2728	82.5477	82.5477	66.1872	45.6440	40.4551	34.9998	74.0450	0.0000	49.6430	9.0231	17.2130	82.5477	82.5477	31.9150	32.7308	27.6123	82.5477	45.8655	80.1267	82.5477	77.1164	76.8705	65.5478	21.2621	81.8148	82.5477	70.4541	47.9714	25.9381	78.0337	21.2011	0.1083	58.9766	82.5477	53.7595	17.4414	82.5477	56.4462	55.0826	60.2723	28.0402	82.5477	82.5477	82.5477	82.5477	82.5477	74.6640	61.6085	82.5477	79.5876	58.7890	18.2932	65.2882	80.4893	44.5430	56.7104	64.9077	61.1140	82.5477	52.2689	49.8387	82.5477	82.5477	82.5477	41.4645	73.2844	31.8664	42.8960	82.5477	36.0362	35.9758	4.8219	53.4766	82.5477	19.8147	7.1153	53.5336	13.1112	82.5477	42.4364	23.9324	53.8972	66.8184	17.0978	81.2835	25.7582	39.1528	32.7317	50.6514	48.0027	37.4335	46.9329	28.8152	48.7649	38.2108	28.5479	48.4312	47.5880	38.5009	46.6531	82.5477	50.3726	37.7213	51.0033	46.0959	38.8427	22.7187	82.5477	82.5477	82.5477	47.0902	45.4649	48.8811	82.5477	47.1499	42.8221	46.5348	34.4778	33.5482	82.5477	68.8989	20.6032	55.3672	55.8618	44.1583	49.8901	47.7643	34.4742	35.8618	20.1131	24.1041	49.6882	57.7606	60.4417	45.6324	39.5150	44.3317	36.4199	45.7468	82.5477	55.4740	43.7639	82.5477	26.7919	22.3033	42.8825	82.5477	41.5827	67.6192	82.5477	40.4865	82.5477	49.3263	7.9616	26.5305	13.7954	34.9334	82.5477	32.2885	44.1815	82.5477	44.1990	41.6232	25.0560	82.5477	66.4027	28.3063	43.6845	40.7518	58.5411	50.2977	52.7006	43.8219	66.4725	21.2115	82.5477	33.5034	73.4415	82.5477	57.8812	35.5626	66.5309	68.1777	51.5867	49.5377	47.3893	46.2671	74.6703	19.8093	50.7954	28.4711
22.5639	10.2092	32.9786	13.4871	30.3817	1.6107	23.3702	32.9047	32.9047	16.5442	3.9990	9.1879	14.6432	24.4020	49.6430	0.0000	40.6199	32.4301	32.9047	32.9047	17.7280	16.9122	22.0307	32.9047	3.7775	30.4837	32.9047	27.4734	27.2275	15.9048	28.3810	32.1718	32.9047	20.8111	1.6716	23.7049	28.3907	28.4419	49.7513	9.3336	32.9047	4.1165	32.2016	32.9047	6.8032	5.4396	10.6292	21.6028	32.9047	32.9047	32.9047	32.9047	32.9047	25.0210	11.9655	32.9047	29.9446	9.1460	31.3498	15.6452	30.8462	5.1000	7.0674	15.2647	11.4710	32.9047	2.6259	0.1957	32.9047	32.9047	32.9047	8.1785	23.6414	17.7766	6.7470	32.9047	13.6068	13.6672	44.8211	3.8336	32.9047	29.8283	42.5277	3.8906	36.5319	32.9047	7.2066	25.7106	4.2542	17.1754	32.5452	31.6405	23.8848	10.4902	16.9113	1.0084	1.6403	12.2095	2.7101	20.8278	0.8781	11.4322	21.0951	1.2118	2.0550	11.1421	2.9899	32.9047	0.7296	11.9217	1.3603	3.5471	10.8004	26.9243	32.9047	32.9047	32.9047	2.5528	4.1781	0.7619	32.9047	2.4931	6.8209	3.1082	15.1652	16.0949	32.9047	19.2559	29.0398	5.7242	6.2188	5.4847	0.2471	1.8787	15.1688	13.7812	29.5299	25.5390	0.0452	8.1176	10.7987	4.0106	10.1280	5.3113	13.2231	3.8962	32.9047	5.8310	5.8791	32.9047	22.8511	27.3397	6.7605	32.9047	8.0603	17.9762	32.9047	9.1565	32.9047	0.3167	57.6046	23.1125	35.8476	14.7096	32.9047	17.3545	5.4615	32.9047	5.4440	8.0198	24.5870	32.9047	16.7597	21.3367	5.9585	8.8912	8.8981	0.6546	3.0576	5.8211	16.8295	28.4315	32.9047	16.1396	23.7985	32.9047	8.2382	14.0804	16.8879	18.5347	1.9437	0.1053	2.2537	3.3759	25.0273	29.8337	1.1524	21.1719
18.0560	30.4107	7.6413	54.1071	10.2382	39.0092	17.2497	73.5246	73.5246	57.1641	36.6209	31.4320	25.9767	65.0219	9.0231	40.6199	0.0000	8.1899	73.5246	73.5246	22.8919	23.7077	18.5892	73.5246	36.8424	71.1036	73.5246	68.0933	67.8474	56.5247	12.2390	72.7917	73.5246	61.4310	38.9483	16.9150	69.0106	12.1780	9.1314	49.9535	73.5246	44.7364	8.4183	73.5246	47.4231	46.0595	51.2492	19.0171	73.5246	73.5246	73.5246	73.5246	73.5246	65.6409	52.5854	73.5246	70.5645	49.7659	9.2701	56.2651	71.4662	35.5199	47.6873	55.8846	52.0909	73.5246	43.2458	40.8156	73.5246	73.5246	73.5246	32.4414	64.2613	22.8433	33.8729	73.5246	27.0131	26.9527	4.2012	44.4535	73.5246	10.7916	1.9078	44.5105	4.0881	73.5246	33.4133	14.9093	44.8741	57.7953	8.0747	72.2604	16.7351	30.1297	23.7086	41.6283	38.9796	28.4104	37.9098	19.7921	39.7418	29.1877	19.5248	39.4081	38.5649	29.4778	37.6300	73.5246	41.3495	28.6982	41.9802	37.0729	29.8196	13.6956	73.5246	73.5246	73.5246	38.0671	36.4418	39.8581	73.5246	38.1268	33.7990	37.5117	25.4547	24.5251	73.5246	59.8758	11.5802	46.3441	46.8388	35.1352	40.8670	38.7412	25.4511	26.8387	11.0900	15.0810	40.6651	48.7375	51.4186	36.6093	30.4919	35.3086	27.3968	36.7237	73.5246	46.4510	34.7408	73.5246	17.7688	13.2802	33.8594	73.5246	32.5596	58.5961	73.5246	31.4634	73.5246	40.3032	16.9847	17.5074	4.7723	25.9103	73.5246	23.2654	35.1584	73.5246	35.1759	32.6001	16.0329	73.5246	57.3796	19.2832	34.6615	31.7288	49.5180	41.2746	43.6775	34.7988	57.4495	12.1884	73.5246	24.4803	64.4184	73.5246	48.8581	26.5395	57.5078	59.1546	42.5636	40.5146	38.3662	37.2440	65.6472	10.7862	41.7723	19.4480
9.8661	22.2208	0.5485	45.9172	2.0484	30.8194	9.0598	65.3347	65.3347	48.9743	28.4311	23.2421	17.7868	56.8320	17.2130	32.4301	8.1899	0.0000	65.3347	65.3347	14.7021	15.5178	10.3994	65.3347	28.6526	62.9138	65.3347	59.9034	59.6576	48.3348	4.0491	64.6019	65.3347	53.2411	30.7584	8.7251	60.8207	3.9882	17.3212	41.7636	65.3347	36.5466	0.2284	65.3347	39.2333	37.8696	43.0593	10.8273	65.3347	65.3347	65.3347	65.3347	65.3347	57.4510	44.3956	65.3347	62.3747	41.5760	1.0802	48.0753	63.2763	27.3301	39.4974	47.6947	43.9010	65.3347	35.0559	32.6258	65.3347	65.3347	65.3347	24.2516	56.0714	14.6534	25.6831	65.3347	18.8232	18.7629	12.3911	36.2636	65.3347	2.6018	10.0977	36.3206	4.1018	65.3347	25.2234	6.7194	36.6842	49.6054	0.1152	64.0705	8.5453	21.9399	15.5187	33.4385	30.7897	20.2205	29.7199	11.6022	31.5520	20.9978	11.3350	31.2183	30.3750	21.2879	29.4401	65.3347	33.1596	20.5083	33.7903	28.8830	21.6297	5.5058	65.3347	65.3347	65.3347	29.8773	28.2520	31.6682	65.3347	29.9369	25.6092	29.3219	17.2649	16.3352	65.3347	51.6859	3.3903	38.1542	38.6489	26.9453	32.6771	30.5514	17.2612	18.6488	2.9002	6.8911	32.4752	40.5477	43.2288	28.4195	22.3020	27.1188	19.2069	28.5338	65.3347	38.2611	26.5509	65.3347	9.5790	5.0903	25.6695	65.3347	24.3697	50.4063	65.3347	23.2735	65.3347	32.1134	25.1745	9.3175	3.4176	17.7204	65.3347	15.0755	26.9685	65.3347	26.9860	24.4103	7.8430	65.3347	49.1897	11.0934	26.4716	23.5389	41.3282	33.0847	35.4876	26.6089	49.2596	3.9985	65.3347	16.2904	56.2286	65.3347	40.6683	18.3496	49.3179	50.9648	34.3738	32.3247	30.1764	29.0541	57.4573	2.5963	33.5825	11.2582
55.4686	43.1139	65.8833	19.4175	63.2863	34.5153	56.2749	0.0000	0.0000	16.3604	36.9037	42.0926	47.5479	8.5027	82.5477	32.9047	73.5246	65.3347	0.0000	0.0000	50.6327	49.8169	54.9353	0.0000	36.6822	2.4209	0.0000	5.4313	5.6772	16.9999	61.2856	0.7329	0.0000	12.0936	34.5763	56.6096	4.5140	61.3465	82.6560	23.5711	0.0000	28.7881	65.1063	0.0000	26.1015	27.4651	22.2754	54.5075	0.0000	0.0000	0.0000	0.0000	0.0000	7.8837	20.9392	0.0000	2.9600	23.7587	64.2545	17.2594	2.0584	38.0046	25.8373	17.6400	21.4337	0.0000	30.2788	32.7089	0.0000	0.0000	0.0000	41.0832	9.2633	50.6813	39.6517	0.0000	46.5115	46.5718	77.7258	29.0711	0.0000	62.7330	75.4324	29.0141	69.4365	0.0000	40.1113	58.6153	28.6505	15.7293	65.4499	1.2642	56.7894	43.3948	49.8160	31.8962	34.5450	45.1142	35.6148	53.7325	33.7827	44.3369	53.9997	34.1165	34.9597	44.0468	35.8946	0.0000	32.1751	44.8264	31.5444	36.4517	43.7050	59.8289	0.0000	0.0000	0.0000	35.4575	37.0827	33.6665	0.0000	35.3978	39.7256	36.0129	48.0699	48.9995	0.0000	13.6488	61.9444	27.1805	26.6858	38.3894	32.6576	34.7833	48.0735	46.6859	62.4345	58.4436	32.8595	24.7870	22.1059	36.9152	43.0327	38.2159	46.1278	36.8009	0.0000	27.0736	38.7838	0.0000	55.7558	60.2444	39.6652	0.0000	40.9650	14.9285	0.0000	42.0612	0.0000	33.2213	90.5092	56.0172	68.7523	47.6143	0.0000	50.2592	38.3662	0.0000	38.3487	40.9244	57.4917	0.0000	16.1450	54.2413	38.8631	41.7958	24.0065	32.2500	29.8471	38.7258	16.0751	61.3362	0.0000	49.0443	9.1061	0.0000	24.6664	46.9851	16.0168	14.3699	30.9609	33.0100	35.1583	36.2806	7.8774	62.7384	31.7522	54.0766
55.4686	43.1139	65.8833	19.4175	63.2863	34.5153	56.2749	0.0000	0.0000	16.3604	36.9037	42.0926	47.5479	8.5027	82.5477	32.9047	73.5246	65.3347	0.0000	0.0000	50.6327	49.8169	54.9353	0.0000	36.6822	2.4209	0.0000	5.4313	5.6772	16.9999	61.2856	0.7329	0.0000	12.0936	34.5763	56.6096	4.5140	61.3465	82.6560	23.5711	0.0000	28.7881	65.1063	0.0000	26.1015	27.4651	22.2754	54.5075	0.0000	0.0000	0.0000	0.0000	0.0000	7.8837	20.9392	0.0000	2.9600	23.7587	64.2545	17.2594	2.0584	38.0046	25.8373	17.6400	21.4337	0.0000	30.2788	32.7089	0.0000	0.0000	0.0000	41.0832	9.2633	50.6813	39.6517	0.0000	46.5115	46.5718	77.7258	29.0711	0.0000	62.7330	75.4324	29.0141	69.4365	0.0000	40.1113	58.6153	28.6505	15.7293	65.4499	1.2642	56.7894	43.3948	49.8160	31.8962	34.5450	45.1142	35.6148	53.7325	33.7827	44.3369	53.9997	34.1165	34.9597	44.0468	35.8946	0.0000	32.1751	44.8264	31.5444	36.4517	43.7050	59.8289	0.0000	0.0000	0.0000	35.4575	37.0827	33.6665	0.0000	35.3978	39.7256	36.0129	48.0699	48.9995	0.0000	13.6488	61.9444	27.1805	26.6858	38.3894	32.6576	34.7833	48.0735	46.6859	62.4345	58.4436	32.8595	24.7870	22.1059	36.9152	43.0327	38.2159	46.1278	36.8009	0.0000	27.0736	38.7838	0.0000	55.7558	60.2444	39.6652	0.0000	40.9650	14.9285	0.0000	42.0612	0.0000	33.2213	90.5092	56.0172	68.7523	47.6143	0.0000	50.2592	38.3662	0.0000	38.3487	40.9244	57.4917	0.0000	16.1450	54.2413	38.8631	41.7958	24.0065	32.2500	29.8471	38.7258	16.0751	61.3362	0.0000	49.0443	9.1061	0.0000	24.6664	46.9851	16.0168	14.3699	30.9609	33.0100	35.1583	36.2806	7.8774	62.7384	31.7522	54.0766
4.8359	7.5188	15.2506	31.2151	12.6537	16.1173	5.6422	50.6327	50.6327	34.2722	13.7290	8.5401	3.0848	42.1300	31.9150	17.7280	22.8919	14.7021	50.6327	50.6327	0.0000	0.8158	4.3027	50.6327	13.9505	48.2117	50.6327	45.2014	44.9555	33.6328	10.6530	49.8998	50.6327	38.5391	16.0564	5.9769	46.1187	10.7139	32.0233	27.0616	50.6327	21.8445	14.4736	50.6327	24.5312	23.1676	28.3572	3.8748	50.6327	50.6327	50.6327	50.6327	50.6327	42.7490	29.6935	50.6327	47.6726	26.8740	13.6218	33.3732	48.5742	12.6280	24.7954	32.9927	29.1990	50.6327	20.3539	17.9237	50.6327	50.6327	50.6327	9.5495	41.3694	0.0486	10.9810	50.6327	4.1212	4.0608	27.0931	21.5616	50.6327	12.1003	24.7997	21.6186	18.8039	50.6327	10.5214	7.9826	21.9822	34.9034	14.8172	49.3685	6.1568	7.2378	0.8167	18.7364	16.0877	5.5185	15.0179	3.0998	16.8499	6.2958	3.3671	16.5162	15.6730	6.5859	14.7381	50.6327	18.4576	5.8063	19.0883	14.1809	6.9276	9.1963	50.6327	50.6327	50.6327	15.1752	13.5499	16.9661	50.6327	15.2349	10.9071	14.6198	2.5628	1.6331	50.6327	36.9839	11.3118	23.4522	23.9468	12.2433	17.9751	15.8493	2.5592	3.9468	11.8019	7.8110	17.7732	25.8456	28.5267	13.7174	7.6000	12.4167	4.5049	13.8318	50.6327	23.5590	11.8489	50.6327	5.1231	9.6117	10.9675	50.6327	9.6677	35.7042	50.6327	8.5715	50.6327	17.4113	39.8766	5.3845	18.1196	3.0184	50.6327	0.3735	12.2665	50.6327	12.2840	9.7082	6.8590	50.6327	34.4877	3.6087	11.7695	8.8368	26.6261	18.3826	20.7856	11.9069	34.5575	10.7035	50.6327	1.5884	41.5265	50.6327	25.9662	3.6476	34.6159	36.2627	19.6717	17.6227	15.4743	14.3521	42.7553	12.1057	18.8804	3.4439
5.6517	6.7030	16.0664	30.3994	13.4694	15.3015	6.4580	49.8169	49.8169	33.4565	12.9132	7.7243	2.2690	41.3142	32.7308	16.9122	23.7077	15.5178	49.8169	49.8169	0.8158	0.0000	5.1184	49.8169	13.1347	47.3960	49.8169	44.3856	44.1397	32.8170	11.4687	49.0840	49.8169	37.7233	15.2406	6.7927	45.3029	11.5296	32.8391	26.2458	49.8169	21.0288	15.2894	49.8169	23.7154	22.3518	27.5415	4.6906	49.8169	49.8169	49.8169	49.8169	49.8169	41.9332	28.8777	49.8169	46.8569	26.0582	14.4376	32.5575	47.7585	11.8122	23.9796	32.1769	28.3832	49.8169	19.5381	17.1080	49.8169	49.8169	49.8169	8.7337	40.5536	0.8644	10.1652	49.8169	3.3054	3.2451	27.9089	20.7458	49.8169	12.9161	25.6155	20.8028	19.6196	49.8169	9.7056	8.7984	21.1664	34.0876	15.6330	48.5527	6.9725	6.4221	0.0009	17.9206	15.2719	4.7027	14.2021	3.9156	16.0342	5.4800	4.1829	15.7004	14.8572	5.7701	13.9223	49.8169	17.6418	4.9905	18.2725	13.3652	6.1119	10.0120	49.8169	49.8169	49.8169	14.3594	12.7342	16.1504	49.8169	14.4191	10.0913	13.8040	1.7470	0.8174	49.8169	36.1681	12.1275	22.6364	23.1311	11.4275	17.1593	15.0336	1.7434	3.1310	12.6176	8.6267	16.9574	25.0298	27.7110	12.9017	6.7842	11.6010	3.6891	13.0160	49.8169	22.7433	11.0331	49.8169	5.9389	10.4275	10.1517	49.8169	8.8519	34.8884	49.8169	7.7557	49.8169	16.5955	40.6923	6.2003	18.9354	2.2026	49.8169	0.4423	11.4507	49.8169	11.4682	8.8925	7.6748	49.8169	33.6719	4.4244	10.9538	8.0211	25.8104	17.5669	19.9698	11.0911	33.7418	11.5193	49.8169	0.7726	40.7108	49.8169	25.1505	2.8318	33.8001	35.4470	18.8560	16.8069	14.6585	13.5363	41.9395	12.9215	18.0647	4.2597
0.5333	11.8215	10.9479	35.5178	8.3510	20.4200	1.3396	54.9353	54.9353	38.5749	18.0317	12.8427	7.3874	46.4326	27.6123	22.0307	18.5892	10.3994	54.9353	54.9353	4.3027	5.1184	0.0000	54.9353	18.2532	52.5144	54.9353	49.5041	49.2582	37.9354	6.3503	54.2025	54.9353	42.8418	20.3591	1.6743	50.4214	6.4112	27.7206	31.3642	54.9353	26.1472	10.1710	54.9353	28.8339	27.4702	32.6599	0.4279	54.9353	54.9353	54.9353	54.9353	54.9353	47.0517	33.9962	54.9353	51.9753	31.1767	9.3192	37.6759	52.8769	16.9307	29.0980	37.2953	33.5016	54.9353	24.6565	22.2264	54.9353	54.9353	54.9353	13.8522	45.6721	4.2541	15.2837	54.9353	8.4238	8.3635	22.7904	25.8643	54.9353	7.7976	20.4970	25.9212	14.5012	54.9353	14.8240	3.6799	26.2849	39.2060	10.5146	53.6711	1.8541	11.5405	5.1194	23.0391	20.3904	9.8211	19.3205	1.2028	21.1526	10.5984	0.9356	20.8189	19.9756	10.8886	19.0407	54.9353	22.7603	10.1089	23.3910	18.4836	11.2303	4.8936	54.9353	54.9353	54.9353	19.4779	17.8526	21.2688	54.9353	19.5376	15.2098	18.9225	6.8655	5.9358	54.9353	41.2866	7.0091	27.7549	28.2495	16.5460	22.2777	20.1520	6.8619	8.2494	7.4992	3.5083	22.0759	30.1483	32.8294	18.0201	11.9026	16.7194	8.8075	18.1344	54.9353	27.8617	16.1516	54.9353	0.8204	5.3091	15.2701	54.9353	13.9703	40.0069	54.9353	12.8741	54.9353	21.7140	35.5739	1.0819	13.8170	7.3210	54.9353	4.6761	16.5692	54.9353	16.5867	14.0109	2.5564	54.9353	38.7903	0.6940	16.0722	13.1395	30.9288	22.6853	25.0883	16.2095	38.8602	6.4009	54.9353	5.8910	45.8292	54.9353	30.2689	7.9503	38.9186	40.5654	23.9744	21.9253	19.7770	18.6547	47.0580	7.8030	23.1831	0.8588
55.4686	43.1139	65.8833	19.4175	63.2863	34.5153	56.2749	0.0000	0.0000	16.3604	36.9037	42.0926	47.5479	8.5027	82.5477	32.9047	73.5246	65.3347	0.0000	0.0000	50.6327	49.8169	54.9353	0.0000	36.6822	2.4209	0.0000	5.4313	5.6772	16.9999	61.2856	0.7329	0.0000	12.0936	34.5763	56.6096	4.5140	61.3465	82.6560	23.5711	0.0000	28.7881	65.1063	0.0000	26.1015	27.4651	22.2754	54.5075	0.0000	0.0000	0.0000	0.0000	0.0000	7.8837	20.9392	0.0000	2.9600	23.7587	64.2545	17.2594	2.0584	38.0046	25.8373	17.6400	21.4337	0.0000	30.2788	32.7089	0.0000	0.0000	0.0000	41.0832	9.2633	50.6813	39.6517	0.0000	46.5115	46.5718	77.7258	29.0711	0.0000	62.7330	75.4324	29.0141	69.4365	0.0000	40.1113	58.6153	28.6505	15.7293	65.4499	1.2642	56.7894	43.3948	49.8160	31.8962	34.5450	45.1142	35.6148	53.7325	33.7827	44.3369	53.9997	34.1165	34.9597	44.0468	35.8946	0.0000	32.1751	44.8264	31.5444	36.4517	43.7050	59.8289	0.0000	0.0000	0.0000	35.4575	37.0827	33.6665	0.0000	35.3978	39.7256	36.0129	48.0699	48.9995	0.0000	13.6488	61.9444	27.1805	26.6858	38.3894	32.6576	34.7833	48.0735	46.6859	62.4345	58.4436	32.8595	24.7870	22.1059	36.9152	43.0327	38.2159	46.1278	36.8009	0.0000	27.0736	38.7838	0.0000	55.7558	60.2444	39.6652	0.0000	40.9650	14.9285	0.0000	42.0612	0.0000	33.2213	90.5092	56.0172	68.7523	47.6143	0.0000	50.2592	38.3662	0.0000	38.3487	40.9244	57.4917	0.0000	16.1450	54.2413	38.8631	41.7958	24.0065	32.2500	29.8471	38.7258	16.0751	61.3362	0.0000	49.0443	9.1061	0.0000	24.6664	46.9851	16.0168	14.3699	30.9609	33.0100	35.1583	36.2806	7.8774	62.7384	31.7522	54.0766
18.7864	6.4317	29.2011	17.2646	26.6042	2.1668	19.5928	36.6822	36.6822	20.3217	0.2215	5.4105	10.8657	28.1795	45.8655	3.7775	36.8424	28.6526	36.6822	36.6822	13.9505	13.1347	18.2532	36.6822	0.0000	34.2612	36.6822	31.2509	31.0050	19.6823	24.6035	35.9493	36.6822	24.5886	2.1059	19.9274	32.1682	24.6644	45.9738	13.1110	36.6822	7.8940	28.4242	36.6822	10.5807	9.2171	14.4067	17.8253	36.6822	36.6822	36.6822	36.6822	36.6822	28.7985	15.7430	36.6822	33.7221	12.9235	27.5723	19.4227	34.6237	1.3225	10.8449	19.0422	15.2485	36.6822	6.4034	3.9732	36.6822	36.6822	36.6822	4.4010	27.4189	13.9991	2.9695	36.6822	9.8293	9.8897	41.0436	7.6111	36.6822	26.0508	38.7502	7.6681	32.7544	36.6822	3.4291	21.9331	8.0317	20.9529	28.7677	35.4180	20.1073	6.7127	13.1338	4.7859	2.1372	8.4320	1.0673	17.0503	2.8994	7.6547	17.3176	2.5657	1.7225	7.3646	0.7876	36.6822	4.5071	8.1442	5.1378	0.2304	7.0229	23.1468	36.6822	36.6822	36.6822	1.2247	0.4006	3.0156	36.6822	1.2844	3.0434	0.6693	11.3877	12.3174	36.6822	23.0334	25.2623	9.5017	9.9963	1.7072	4.0245	1.8988	11.3913	10.0037	25.7524	21.7615	3.8227	11.8951	14.5762	0.2331	6.3505	1.5338	9.4456	0.1187	36.6822	9.6085	2.1016	36.6822	19.0736	23.5623	2.9830	36.6822	4.2828	21.7537	36.6822	5.3790	36.6822	3.4608	53.8271	19.3351	32.0701	10.9322	36.6822	13.5770	1.6840	36.6822	1.6665	4.2423	20.8096	36.6822	20.5372	17.5592	2.1810	5.1137	12.6756	4.4321	6.8351	2.0436	20.6070	24.6540	36.6822	12.3621	27.5760	36.6822	12.0157	10.3029	20.6654	22.3122	5.7212	3.6722	1.5238	0.4016	28.8048	26.0562	4.9299	17.3944
53.0477	40.6929	63.4623	16.9966	60.8654	32.0944	53.8540	2.4209	2.4209	13.9395	34.4827	39.6717	45.1270	6.0818	80.1267	30.4837	71.1036	62.9138	2.4209	2.4209	48.2117	47.3960	52.5144	2.4209	34.2612	0.0000	2.4209	3.0103	3.2562	14.5790	58.8647	1.6881	2.4209	9.6726	32.1553	54.1887	2.0930	58.9256	80.2350	21.1502	2.4209	26.3672	62.6854	2.4209	23.6805	25.0442	19.8545	52.0865	2.4209	2.4209	2.4209	2.4209	2.4209	5.4627	18.5182	2.4209	0.5391	21.3377	61.8336	14.8385	0.3625	35.5837	23.4164	15.2191	19.0128	2.4209	27.8579	30.2880	2.4209	2.4209	2.4209	38.6622	6.8423	48.2603	37.2307	2.4209	44.0906	44.1509	75.3048	26.6501	2.4209	60.3120	73.0114	26.5932	67.0156	2.4209	37.6904	56.1943	26.2295	13.3084	63.0290	1.1567	54.3685	40.9739	47.3950	29.4753	32.1240	42.6933	33.1939	51.3116	31.3618	41.9160	51.5788	31.6955	32.5388	41.6258	33.4737	2.4209	29.7541	42.4055	29.1234	34.0308	41.2841	57.4080	2.4209	2.4209	2.4209	33.0365	34.6618	31.2456	2.4209	32.9768	37.3046	33.5919	45.6489	46.5786	2.4209	11.2278	59.5235	24.7595	24.2649	35.9684	30.2367	32.3624	45.6525	44.2650	60.0136	56.0227	30.4385	22.3661	19.6850	34.4943	40.6118	35.7950	43.7069	34.3800	2.4209	24.6527	36.3628	2.4209	53.3348	57.8235	37.2443	2.4209	38.5441	12.5075	2.4209	39.6403	2.4209	30.8004	88.0883	53.5963	66.3314	45.1934	2.4209	47.8383	35.9452	2.4209	35.9277	38.5035	55.0708	2.4209	13.7241	51.8204	36.4422	39.3749	21.5856	29.8291	27.4261	36.3049	13.6542	58.9153	2.4209	46.6234	6.6852	2.4209	22.2455	44.5641	13.5958	11.9490	28.5400	30.5891	32.7374	33.8597	5.4564	60.3174	29.3313	51.6556
