0.0000	12.6991	25.1703	36.1428	8.0749	21.3263	5.9333	55.7067	55.7715	39.5139	19.2990	13.7376	7.9426	47.1828	29.8146	32.9512	18.0592	11.4461	55.7307	55.6688	15.3980	13.4347	3.5616	55.7533	18.8004	53.0509	55.6670	50.3375	49.9692	38.6041	7.9021	54.9356	55.6491	43.6449	21.2626	2.4677	51.1128	5.9885	27.6951	32.4416	55.6468	28.9735	10.1631	55.6371	37.5267	28.0086	33.5767	3.2441	55.8019	55.7381	55.7582	55.7835	55.7738	47.8232	34.6121	55.7845	52.8031	32.1506	9.6437	38.3762	53.7027	18.2664	30.0929	38.0018	34.0417	55.7800	25.5531	23.2987	55.7522	55.8080	56.0628	15.0114	46.5084	10.1996	16.0112	55.8080	19.7019	9.7374	22.7515	26.8784	55.4977	8.2381	20.0812	26.4960	13.9763	55.7767	15.6261	6.0479	27.3875	40.0918	10.4168	54.4821	21.3466	16.5000	25.9839	23.7832	21.0924	11.2347	20.3703	2.4073	22.2653	12.0897	2.8881	21.7268	20.5245	12.0261	20.1481	55.8080	23.7580	11.1264	23.9823	19.6073	15.3639	5.8571	55.6988	55.8080	55.8080	20.6285	19.0988	22.3927	55.8080	20.6848	16.6128	20.2493	26.6113	17.7992	55.7775	41.8209	18.3675	28.6670	28.8170	17.1895	23.0501	20.8038	7.5182	10.0894	7.0464	31.4956	23.7243	30.8842	36.8849	18.5534	12.4844	17.5413	9.4460	30.1712	55.8080	33.6016	17.2512	55.7483	0.3728	6.4445	35.2741	55.7398	14.5440	44.2978	55.7067	13.5541	55.7620	24.6511	35.0608	4.6452	13.3239	8.8153	55.8080	15.4492	17.7622	55.5398	17.1228	14.5467	15.6726	55.6784	39.6073	13.3557	30.0481	13.6732	31.5351	23.3282	25.8381	17.3011	39.7994	7.8169	55.7737	7.3313	46.5736	55.5962	30.8561	13.0228	41.3176	43.1694	28.1528	22.4712	20.3691	19.2157	47.8629	21.4406	23.8060	1.4305
12.6991	0.0000	34.4495	23.6992	20.1932	8.6605	13.4856	43.1704	43.2091	26.8904	6.6345	6.1541	5.0172	34.6473	42.3389	28.8198	30.5214	22.4048	43.1841	43.1506	19.0986	16.5442	13.4708	43.1977	6.8021	40.7606	43.1497	37.7689	37.4584	26.1156	18.3310	42.4169	43.1414	31.0790	8.5976	14.4363	38.6150	18.3205	39.6113	19.7685	43.1404	20.1949	21.9943	43.1363	31.3230	16.0290	22.3205	12.8936	43.2290	43.1884	43.2008	43.2168	43.2106	35.2777	22.8060	43.2175	40.2400	19.4995	21.1661	25.8623	41.1415	5.6522	17.4307	25.4831	21.7972	43.2146	12.9065	10.6040	43.1970	43.2331	44.5143	7.5069	33.9330	14.1392	3.4914	43.2331	20.7654	3.6053	34.6576	14.2025	43.1289	19.6420	32.3277	14.7761	26.4366	43.2125	3.0030	15.6606	14.6984	27.4867	22.3361	41.9277	27.8344	14.1863	29.0818	11.2198	8.5733	2.4543	7.6722	10.6943	9.5665	2.1590	10.8952	9.0620	8.9696	1.2466	7.4496	43.2331	11.0759	1.7402	11.6390	6.9110	12.8337	18.0635	43.1660	43.2331	43.2331	7.9317	6.4310	9.6937	43.2331	7.9876	4.1335	7.5885	28.9272	20.3875	43.2130	29.5834	27.5613	16.0247	16.4995	4.8279	10.4630	8.3616	5.2060	8.6730	19.7302	37.5627	14.4111	19.4352	28.1033	6.8716	1.8399	4.9034	3.3807	27.3779	43.2331	26.3488	4.5654	43.1946	13.0345	17.1868	34.6454	43.1895	4.5593	35.0248	43.1704	1.4171	43.2031	16.7811	47.5746	13.0116	25.9442	4.6247	43.2331	18.8857	9.0747	43.1141	5.7696	3.8833	23.4135	43.1554	27.0285	19.6837	28.3014	3.3155	19.1238	10.8851	13.2729	4.6128	27.1765	18.3579	43.2105	8.7764	34.0405	43.1218	18.4810	13.3897	31.0756	32.9688	20.7285	10.7562	9.1324	7.0941	35.3024	30.3167	12.4136	11.4391
25.1703	34.4495	0.0000	52.9974	25.0710	41.3134	30.3537	71.6098	71.8709	57.1692	40.4264	30.9414	29.8100	63.6014	19.6641	32.9969	24.4783	28.7226	71.7096	71.4429	17.3609	19.3180	22.2700	71.7999	37.5695	67.6751	71.4349	66.7925	66.0348	55.4361	28.6345	70.7540	71.3512	60.5311	41.2539	22.7066	67.0189	24.4838	32.8053	51.2011	71.3403	38.8719	26.1517	71.2931	39.7843	44.4623	47.1214	22.8492	71.9850	71.7393	71.8193	71.9163	71.8795	64.2672	49.4082	71.9200	69.0700	50.7032	26.9399	55.3719	69.9038	39.7035	48.9586	55.0611	50.3246	71.9030	44.8102	43.3449	71.7956	72.0075	67.5195	31.0151	63.2610	20.6044	36.5147	72.0075	20.1013	33.0916	30.0621	46.2362	70.3654	26.9845	26.8388	42.6462	23.6677	71.8907	36.4673	29.0048	46.8702	57.5479	25.8989	70.5879	9.2350	25.3354	16.2526	42.8370	40.4510	34.2816	40.8769	27.4213	42.5706	35.0390	28.0436	41.6470	38.0178	34.4760	40.8173	72.0075	43.5592	33.5828	42.2308	40.4098	25.7236	19.9451	71.5757	72.0075	72.0075	41.2971	40.2268	42.6994	72.0075	41.3367	38.4781	41.3048	18.0091	18.0322	71.8936	57.1584	6.9503	47.5126	46.1284	37.0654	42.3289	39.9852	30.1030	26.2811	22.1231	11.2510	36.5772	45.4376	44.3630	36.9179	33.1484	38.0242	31.3331	29.0930	72.0075	39.1238	38.4657	71.7801	24.8356	27.8191	27.5992	71.7462	33.1287	51.2054	71.6098	34.4625	71.8339	34.9000	32.8398	29.2419	22.0676	32.5312	72.0075	17.7249	32.9464	70.7280	35.6213	33.7005	11.1705	71.4866	56.9053	15.0993	27.1038	33.1737	48.8022	42.0104	44.5849	38.4890	57.4276	28.4452	71.8791	25.6754	63.0186	71.0800	48.0712	22.9572	50.9887	52.4195	36.0784	39.6467	37.4245	38.0754	64.4134	4.1737	39.9961	25.4849
36.1428	23.6992	52.9974	0.0000	43.8723	15.1624	37.0052	19.5870	19.6845	4.3353	17.6931	23.3818	28.2003	11.0868	64.8991	29.8125	54.1531	46.0306	19.6220	19.5354	35.6367	33.7940	36.0370	19.6561	17.3635	17.1120	19.5331	14.2869	13.8376	2.5053	41.9599	18.8032	19.5107	7.6685	15.2212	37.4957	14.9733	41.9533	63.2963	5.3316	19.5080	16.7391	45.6934	19.4965	26.7842	8.6264	8.1514	35.5454	19.7332	19.6329	19.6637	19.7035	19.6881	11.7407	5.1931	19.7051	16.7279	5.1288	44.8589	2.3796	17.6204	18.7940	6.9554	2.0647	2.7647	19.6979	10.9966	13.5079	19.6544	19.7432	22.1774	22.7268	10.5142	33.3395	20.2343	19.7432	33.7487	27.1896	58.3476	9.9689	19.4330	43.3353	56.0163	10.4184	50.0626	19.6927	20.6961	39.2833	9.7024	4.5893	46.0342	18.3866	44.3497	27.6749	41.2850	12.4925	15.1277	25.7587	16.3184	34.3269	14.5764	25.0114	34.5823	14.7697	15.9040	24.6580	16.6235	19.7432	12.9294	25.4178	12.1607	17.1759	27.2955	40.9284	19.5758	19.7432	19.7432	16.2237	17.8549	14.4728	19.7432	16.1637	20.4909	16.8714	40.1570	35.2426	19.6939	6.2028	46.8943	8.0346	7.3619	18.9823	13.2606	15.3700	28.6819	28.2915	43.1704	51.7125	16.6127	8.1311	18.5000	17.6901	23.6612	18.8078	26.7358	31.5061	19.7432	21.9207	19.4507	19.6484	36.4468	40.8645	39.6666	19.6355	21.8557	20.9160	19.5870	22.6512	19.6695	19.0935	71.1912	36.6564	49.4665	28.2330	19.7432	35.2738	20.3315	19.4190	19.1504	21.6941	42.1641	19.5481	3.9200	38.2708	33.7759	22.5380	4.6090	12.8364	10.4575	19.3907	4.5561	41.9987	19.6879	30.2494	10.4770	19.4540	5.3022	30.2503	15.2341	16.5709	20.0786	13.9933	16.2713	16.9335	11.8118	48.9286	13.1777	34.7804
8.0749	20.1932	25.0710	43.8723	0.0000	28.8370	8.0022	63.3634	63.3993	47.0658	26.5821	21.8111	15.8034	54.8406	24.1073	40.0109	10.3753	4.3004	63.3764	63.3437	20.9050	19.5791	10.0232	63.3890	26.6358	60.8822	63.3428	57.9589	57.6508	46.3022	3.8822	62.6100	63.3340	51.2706	28.7748	7.8930	58.8063	2.1286	19.6416	39.9058	63.3329	36.9797	2.1822	63.3283	45.0232	35.9122	41.6179	10.1628	63.4169	63.3804	63.3917	63.4062	63.4006	55.4707	42.5765	63.4068	60.4305	39.6638	2.1812	46.0532	61.3322	25.5005	37.5880	45.6745	41.8741	63.4042	33.0856	30.7204	63.3883	63.4205	64.0970	23.0827	54.1225	16.7481	23.6393	63.4205	25.7753	16.8263	14.6888	34.3500	63.2867	1.9442	12.1469	34.4508	6.3392	63.4023	23.1912	5.6302	34.8157	47.6703	2.3666	62.1193	24.2151	23.9103	30.5170	31.4107	28.7485	18.3219	27.7875	9.5604	29.6583	19.1401	9.2982	29.2381	28.4667	19.3183	27.5298	63.4205	31.2242	18.5006	31.7439	26.9755	22.9159	6.8662	63.3592	63.4205	63.4205	27.9888	26.3920	29.7803	63.4205	28.0474	23.7885	27.5090	31.5023	23.4565	63.4028	49.6676	19.2564	36.2011	36.6057	24.8971	30.6559	28.5037	15.2275	18.0111	3.1990	33.7258	31.7901	38.8978	44.8434	26.4507	20.2746	25.0967	17.1696	36.9217	63.4205	41.3628	24.6162	63.3861	7.8622	3.8169	41.0373	63.3814	22.5363	52.2834	63.3634	21.2252	63.3939	32.6137	27.4115	7.7171	6.2621	15.7967	63.4205	21.0746	25.8360	63.2913	25.0469	22.4790	18.4943	63.3486	47.2192	17.7915	36.4551	21.5955	39.2800	31.0372	33.4652	24.6716	47.3520	3.6991	63.4006	15.2866	54.2337	63.3103	38.6204	20.1838	49.3845	51.2328	36.0137	30.4031	28.3535	27.0239	55.4940	22.1988	31.7976	9.5051
21.3263	8.6605	41.3134	15.1624	28.8370	0.0000	21.8430	34.5353	34.5640	18.2321	2.7195	10.3857	13.4641	26.0184	50.7701	28.0311	39.1778	30.8737	34.5449	34.5234	24.6041	22.2545	21.7513	34.5550	3.9042	32.2721	34.5230	29.1237	28.8392	17.5311	26.8057	33.7900	34.5191	22.4388	0.0643	22.9368	30.0014	26.9796	48.1584	11.1158	34.5187	16.3068	30.6001	34.5172	28.5999	8.3662	15.2113	21.2053	34.5803	34.5480	34.5574	34.5702	34.5652	26.6436	14.9932	34.5708	31.5957	10.8390	29.7391	17.2604	32.4976	3.7535	8.7718	16.8789	13.4888	34.5684	4.2488	2.0701	34.5545	34.5837	36.5787	10.5536	25.2871	20.7305	5.3466	34.5837	24.6373	12.0565	43.2169	5.5523	34.5837	28.2177	40.9568	7.7460	35.0948	34.5667	5.7002	24.1295	6.0750	18.8333	30.9504	33.2860	33.6907	17.6186	33.0837	2.7418	1.3090	10.6060	1.2462	19.3547	1.3009	9.8498	19.5409	0.4016	4.7912	9.5337	1.5965	34.5837	2.4437	10.3365	3.7595	2.0967	16.6247	26.5123	34.5325	34.5837	34.5837	1.4015	2.8333	1.4194	34.5837	1.3571	5.3782	2.2223	32.4953	25.1442	34.5671	21.1881	34.6421	7.3658	8.2397	4.3726	1.9715	1.7744	13.8083	15.0995	28.3693	42.6673	11.2816	12.2859	23.2836	4.6644	8.9885	3.7865	11.8925	27.7682	34.5837	23.1656	4.2884	34.5527	21.6534	25.7315	35.8788	34.5488	8.1946	29.3262	34.5353	7.8020	34.5592	14.6464	56.2312	21.5114	34.6009	13.0990	34.5837	24.3044	9.5760	34.5348	5.7507	7.6853	30.1441	34.5260	18.3861	26.2181	29.3382	8.3438	10.6663	2.8401	4.7110	4.2283	18.5183	26.8474	34.5651	16.3522	25.4134	34.5160	10.0802	18.6377	24.6204	26.4768	18.1770	4.9568	5.5557	3.4290	26.6616	37.1399	6.6375	20.0285
5.9333	13.4856	30.3537	37.0052	8.0022	21.8430	0.0000	56.2797	56.2750	39.9151	19.3807	16.8021	10.2044	47.7915	32.0487	37.9432	18.1168	9.0601	56.2769	56.2869	21.2595	19.1859	9.4947	56.2755	20.2595	54.1130	56.2873	50.8451	50.6252	39.3641	5.0386	55.5549	56.2923	44.1934	21.7841	8.0733	51.7944	6.9371	26.3879	32.7038	56.2930	32.4114	9.2212	56.2963	42.0177	29.5145	35.7158	9.1491	56.2753	56.2764	56.2753	56.2749	56.2749	48.4040	36.2905	56.2749	53.3158	32.5213	8.2032	39.0833	54.2172	18.2778	30.4441	38.7006	35.2266	56.2749	26.0444	23.5830	56.2755	56.2755	57.9947	18.2804	47.0152	15.9009	16.9657	56.2755	25.3795	9.8913	21.4823	27.2161	56.4227	6.7586	19.5135	28.2369	14.2238	56.2749	16.4383	2.4467	27.6263	40.5497	9.6217	55.0120	27.1889	21.4275	31.9006	24.5297	21.9666	11.2636	20.7022	4.9187	22.5076	11.9944	4.0840	22.2364	22.3367	12.4095	20.4101	56.2755	24.1299	11.7471	25.0864	19.8538	20.1596	10.4141	56.2809	56.2755	56.2755	20.8356	19.2053	22.6215	56.2755	20.8955	16.5593	20.2638	32.4934	23.6092	56.2749	42.9903	23.7529	29.1205	29.9255	18.3132	23.7564	21.8012	9.3662	14.4756	9.2794	37.2961	26.8144	32.8640	40.4280	20.2407	14.0781	18.2611	11.0890	35.4157	56.2755	37.6999	17.5548	56.2757	6.1380	4.2618	40.9354	56.2762	16.8185	47.6737	56.2797	14.7363	56.2751	28.3476	34.9562	1.2916	14.2642	8.8614	56.2755	21.2903	20.8487	56.3584	18.9661	16.5359	21.4543	56.2847	40.1463	19.2850	35.4864	15.6665	32.4836	24.2961	26.5496	17.6147	40.2003	5.1113	56.2749	11.8675	47.1910	56.3146	31.8674	18.2931	44.1621	46.0475	32.0966	24.1911	22.3840	20.5733	48.4039	26.8387	25.7767	6.5856
55.7067	43.1704	71.6098	19.5870	63.3634	34.5353	56.2797	0.0000	0.6599	16.3682	36.9039	42.8986	47.7656	8.5257	84.4074	43.9653	73.6814	65.3380	0.2537	0.4286	54.3533	52.7463	55.6148	0.4819	36.9477	5.1589	0.4493	5.4422	5.7534	17.1074	61.2859	0.8671	0.6667	12.0973	34.5969	57.0826	4.6527	61.4768	82.6561	23.5837	0.6949	33.1525	65.1346	0.8182	38.6523	28.0459	24.5019	55.1273	0.9443	0.3289	0.5305	0.7732	0.6815	7.8927	22.2542	0.7826	2.9903	23.7592	64.2651	17.3306	2.1075	38.0052	25.8375	17.7054	21.8935	0.7403	30.2908	32.7093	0.4709	1.0000	13.2857	42.1526	9.2646	52.6199	39.7407	1.0000	51.7524	46.5870	77.7270	29.0712	3.3478	62.7456	75.4911	29.7613	69.5927	0.7093	40.1749	58.6153	28.6534	15.7301	65.4857	1.3114	62.6474	46.3873	58.4149	31.9580	34.6341	45.1210	35.6196	53.8449	33.7829	44.3390	54.0651	34.1351	35.4615	44.0684	35.8965	1.0000	32.1785	44.8666	31.7355	36.4536	46.2165	60.5104	0.0870	1.0000	1.0000	35.4577	37.0827	33.6665	1.0000	35.3981	39.7259	36.0159	57.0408	53.6006	0.7167	14.4852	65.8475	27.1851	26.9468	38.5227	32.7091	34.9064	48.2227	47.7683	62.7423	68.9050	35.0978	26.2621	30.4046	37.2760	43.2225	38.2670	46.2791	46.7601	1.0000	35.5968	38.7912	0.4318	56.0150	60.2500	54.0262	0.3464	41.4359	27.4200	0.0000	42.1795	0.5671	36.7713	90.7306	56.0197	69.0294	47.6280	1.0000	53.9784	39.6333	2.3333	38.7355	41.2811	61.1002	0.3158	16.1503	57.2915	49.2104	42.1243	24.1932	32.3790	29.9017	38.7338	16.0837	61.3362	0.6805	49.8060	9.1342	1.3810	24.8890	49.3292	23.6650	23.3108	36.3260	33.5325	35.7896	36.5131	7.8775	67.6535	32.5603	54.3530
55.7715	43.2091	71.8709	19.6845	63.3993	34.5640	56.2750	0.6599	0.0000	16.3612	36.9075	43.0308	47.8331	8.5994	84.5476	44.4057	73.7274	65.3347	0.4061	1.0884	54.5968	52.9668	55.7214	0.1780	37.0325	5.7499	1.1091	5.4404	5.8966	17.1937	61.2873	1.3412	1.3265	12.1315	34.6260	57.1711	4.8550	61.5232	82.6576	23.5714	1.3548	33.4847	65.1574	1.4780	39.1416	28.1869	24.7840	55.2298	0.2844	0.3310	0.1293	0.1134	0.0217	7.9516	22.4862	0.1227	2.9694	23.7639	64.2805	17.4027	2.0689	38.0073	25.8432	17.7743	22.0374	0.0804	30.3165	32.7193	0.1890	0.3401	13.9456	42.3052	9.2770	52.8012	39.7903	0.3401	52.0451	46.6085	77.7334	29.0806	4.0077	62.7623	75.5200	29.9152	69.6400	0.0494	40.2174	58.6188	28.6516	15.7372	65.5108	1.3020	62.9288	46.6246	58.7622	32.0057	34.6876	45.1373	35.6366	53.8915	33.7912	44.3503	54.1016	34.1633	35.5780	44.0940	35.9094	0.3401	32.1949	44.8993	31.8145	36.4663	46.4353	60.6127	0.7468	0.3401	0.3401	35.4664	37.0882	33.6737	0.3401	35.4069	39.7287	36.0134	57.3987	53.8715	0.0568	14.7194	66.0742	27.2052	27.0463	38.5831	32.7527	34.9679	48.2790	47.9123	62.8110	69.2568	35.3351	26.4874	30.8613	37.3733	43.2892	38.3067	46.3371	47.1701	0.3401	36.0287	38.8098	0.2280	56.0823	60.2625	54.4764	0.3135	41.5402	27.9758	0.6599	42.2340	0.0928	37.0590	90.7791	56.0299	69.0916	47.6484	0.3401	54.2226	39.8039	2.9932	38.8340	41.3729	61.3268	0.9757	16.1806	57.5074	49.6179	42.2116	24.2839	32.4445	29.9488	38.7528	16.0757	61.3395	0.0206	49.9252	9.2094	2.0408	24.9856	49.5342	24.1549	23.8339	36.6755	33.6548	35.9189	36.5933	7.9095	67.9032	32.7127	54.4234
39.5139	26.8904	57.1692	4.3353	47.0658	18.2321	39.9151	16.3682	16.3612	0.0000	20.5467	27.1885	31.5949	7.9384	68.6236	33.9632	57.4100	48.9745	16.3623	16.3869	39.8161	37.9137	39.6497	16.3605	20.9098	14.8288	16.3881	10.9303	10.7794	2.5000	44.9262	15.6574	16.4022	4.3414	18.2947	41.0048	11.9581	45.2108	66.2965	7.2157	16.4042	21.0133	48.8060	16.4137	30.6024	12.7088	12.2330	39.1368	16.3664	16.3614	16.3605	16.3627	16.3614	8.5223	9.2516	16.3628	13.4006	7.4062	47.9232	2.2580	14.3021	21.6462	9.4852	2.3941	7.0990	16.3622	13.9841	16.3620	16.3605	16.3680	21.3958	26.6451	7.1056	37.3184	23.5047	16.3680	38.0412	30.2586	61.3724	12.7242	16.8074	46.4060	59.1743	14.5240	53.3266	16.3617	23.9109	42.2576	12.2904	0.7182	49.1618	15.0970	48.5900	31.8788	45.6163	15.7337	18.4279	28.7826	19.2852	37.5834	17.4327	27.9919	37.7718	17.8307	19.6849	27.7503	19.5536	16.3680	15.8445	28.5670	15.6969	20.1102	31.4471	44.5070	16.3711	16.3680	16.3680	19.1077	20.7278	17.3145	16.3680	19.0483	23.3676	19.6524	44.4920	39.4901	16.3618	6.0011	50.9841	10.8664	11.1635	22.3382	16.4638	18.7396	32.0023	32.1291	46.5601	56.0373	20.9040	12.4611	22.1361	21.3241	27.0573	21.9956	30.0681	35.7667	16.3680	25.9307	22.4589	16.3606	39.8325	43.9038	43.8832	16.3612	25.5087	23.5461	16.3682	25.9599	16.3606	23.4277	74.4633	39.6703	52.8162	31.2971	16.3680	39.4569	24.3583	16.6044	22.7825	25.2667	46.2684	16.3809	0.9409	42.3550	38.0563	26.0778	8.4101	16.2471	13.6830	22.4024	0.2862	44.9783	16.3614	33.9486	7.3559	16.4685	9.1438	34.3364	17.9268	18.9621	24.3623	17.8369	20.1278	20.4480	8.5012	53.0801	17.2155	38.1868
19.2990	6.6345	40.4264	17.6931	26.5821	2.7195	19.3807	36.9039	36.9075	20.5467	0.0000	9.8762	11.6285	28.4109	48.9729	29.5571	36.9515	28.4360	36.9039	36.9078	24.1687	21.7164	20.0615	36.9054	4.5537	34.7992	36.9082	31.4731	31.2445	20.0081	24.3821	36.1756	36.9122	24.8137	2.6761	21.0707	32.4140	24.7888	45.7523	13.3481	36.9128	18.4493	28.2768	36.9158	30.6046	11.0807	17.9091	19.4925	36.9127	36.9042	36.9059	36.9093	36.9078	29.0244	17.7085	36.9095	33.9449	13.1450	27.3815	19.7173	34.8468	1.1041	11.0664	19.3340	16.1365	36.9088	6.6967	4.2047	36.9053	36.9140	39.2654	10.4350	27.6404	19.8416	3.9126	36.9140	24.7601	9.7571	40.8259	7.8354	37.0669	25.8665	38.6535	10.3855	32.8832	36.9083	3.9977	21.7119	8.2580	21.1744	28.6380	35.6401	33.1936	17.7476	33.2436	5.4345	3.5173	8.2611	1.4734	17.2105	3.1291	7.4539	17.3215	3.0564	6.3747	7.3005	1.1246	36.9140	4.7661	8.1775	6.4585	0.6714	16.6108	24.6959	36.9043	36.9140	36.9140	1.4699	0.2062	3.2412	36.9140	1.5298	2.8221	0.9540	32.7935	24.9781	36.9084	23.7817	33.6376	9.7434	10.9255	3.6449	4.6769	3.7184	11.8367	14.1599	26.3048	42.4909	13.0999	14.9774	25.6913	5.3002	7.4145	2.4787	10.0015	28.9747	36.9140	25.2319	2.0791	36.9049	19.6407	23.3599	36.9112	36.9043	7.5424	31.9022	36.9039	6.1138	36.9063	16.3107	53.9935	19.1249	32.4669	10.7856	36.9140	23.8968	10.1738	36.9856	5.7711	6.8467	29.2757	36.9063	20.7657	25.4063	30.3780	7.2692	13.2707	5.5442	7.3167	2.0378	20.8323	24.4328	36.9078	14.9969	27.8103	36.9344	12.7136	18.1996	27.2797	29.1433	20.0286	7.1721	7.0388	4.2858	29.0268	36.2595	8.9637	18.0634
13.7376	6.1541	30.9414	23.3818	21.8111	10.3857	16.8021	42.8986	43.0308	27.1885	9.8762	0.0000	6.6035	34.4502	41.5202	22.8141	31.6231	24.9001	42.9483	42.8180	14.3142	11.9034	12.8487	42.9942	6.6433	39.8458	42.8142	37.6613	37.1484	25.8867	20.9828	42.0913	42.7750	31.0417	10.3273	14.5476	38.2526	19.7231	41.4260	20.6133	42.7699	15.6103	23.8755	42.7483	25.7883	14.8565	19.9108	12.4149	43.0907	42.9632	43.0041	43.0545	43.0353	35.1091	21.1664	43.0564	40.0882	20.1817	23.2737	25.7231	40.9747	9.4193	18.2890	25.3686	21.0079	43.0475	13.9532	12.4051	42.9919	43.1027	42.3896	1.5364	33.8950	10.4058	6.1254	43.1027	15.0789	8.3856	36.4872	15.3843	42.3802	21.8004	33.7583	13.1821	27.5820	43.0411	6.3351	18.4885	16.0046	27.6802	24.1437	41.7295	23.3732	8.2186	23.5337	11.9812	9.5151	8.0773	10.0542	12.5903	11.6588	8.1626	13.1659	10.7110	7.5045	7.1671	10.0464	43.1027	12.6210	6.9392	11.5886	9.7126	6.9412	17.7534	42.8819	43.1027	43.1027	10.5018	9.6956	11.7856	43.1027	10.5346	8.7620	10.6504	23.2135	15.1204	43.0426	28.6494	24.3246	16.8180	16.0604	6.2824	11.4248	9.0572	7.4764	4.9461	20.4469	32.6178	10.0850	17.3102	23.6260	6.0360	4.3339	7.3975	6.0720	21.2411	43.1027	21.1104	8.2117	42.9840	13.9662	19.6243	28.5081	42.9668	2.3376	30.8978	42.8986	5.1202	43.0116	11.6080	48.4556	15.9331	26.7420	9.0210	43.1027	14.0340	4.0815	42.5101	4.6847	3.0907	19.7774	42.8388	27.1129	15.8423	22.1483	3.0411	18.8401	11.2216	13.8495	8.2127	27.4659	20.9557	43.0351	6.9632	33.8419	42.6537	18.1171	8.3359	27.6328	29.4978	15.4566	9.3893	7.1129	7.1491	35.1897	26.7691	10.3953	12.3071
7.9426	5.0172	29.8100	28.2003	15.8034	13.4641	10.2044	47.7656	47.8331	31.5949	11.6285	6.6035	0.0000	39.2424	37.3588	28.6311	25.9779	18.5350	47.7905	47.7267	15.5183	12.9777	8.4543	47.8140	10.8666	45.1270	47.7249	42.4007	42.0271	30.6620	14.5386	46.9935	47.7067	35.7089	13.4000	9.4779	43.1702	13.8098	35.4198	24.5614	47.7044	22.2084	17.7552	47.6945	32.1509	20.1141	25.8963	7.8764	47.8649	47.7981	47.8191	47.8456	47.8354	39.8837	26.7752	47.8466	44.8651	24.2520	17.0463	30.4354	45.7643	10.6667	22.2052	30.0614	26.1144	47.8419	17.6618	15.4755	47.8128	47.8713	48.3427	8.0994	38.5734	10.0946	8.1209	47.8713	18.1674	3.5066	30.4588	19.0102	47.5632	15.5386	27.9291	18.6492	21.8889	47.8385	7.7831	11.9758	19.5389	32.1661	18.0610	46.5428	23.7658	12.5432	26.0502	15.8613	13.1671	4.4872	12.5756	6.2778	14.4686	5.2290	6.7250	13.8620	12.6646	4.7261	12.3822	47.8713	15.9063	3.8035	16.0398	11.8594	11.1551	13.0796	47.7574	47.8713	47.8713	12.8728	11.4235	14.5985	47.8713	12.9266	9.1336	12.5815	26.1570	17.2330	47.8393	33.9004	22.8760	20.7673	20.8779	9.2580	15.1370	12.8679	0.9283	5.6220	14.9780	33.7515	16.6206	23.1311	30.2261	10.6506	4.5439	9.6819	1.6379	26.5634	47.8713	27.6320	9.5503	47.8087	8.2495	13.2352	33.0786	47.7999	6.7922	37.4730	47.7656	5.6623	47.8230	18.1895	42.9981	9.3762	21.2665	3.4133	47.8713	15.3750	10.6448	47.5998	9.2436	6.6790	18.9498	47.7365	31.6749	15.4176	27.0639	5.7938	23.5927	15.3886	17.9129	9.5938	31.8802	14.5275	47.8353	4.3851	38.6331	47.6537	22.9147	10.4852	34.0548	35.9332	21.9948	14.5996	12.5724	11.2760	39.9253	25.7243	16.0170	6.5931
47.1828	34.6473	63.6014	11.0868	54.8406	26.0184	47.7915	8.5257	8.5994	7.9384	28.4109	34.4502	39.2424	0.0000	75.9702	37.5443	65.1560	56.8465	8.5481	8.5050	46.2731	44.5645	47.1237	8.5746	28.4339	7.2408	8.5045	3.2210	2.8422	8.5943	52.7894	7.7715	8.5028	3.6058	26.0798	48.5722	4.0201	52.9514	74.1572	15.1331	8.5030	25.7224	56.6184	8.5049	32.9717	19.6239	16.7766	46.6312	8.6465	8.5561	8.5810	8.6171	8.6026	0.6671	14.2275	8.6186	5.6413	15.2762	55.7544	8.8074	6.5338	29.5138	17.3500	9.1810	13.4883	8.6118	21.7773	24.2107	8.5731	8.6568	15.2500	33.7503	1.0910	44.2942	31.2152	8.6568	43.9504	38.0733	69.2234	20.5755	8.9277	54.2340	66.9710	21.3713	61.0672	8.6069	31.6508	50.1167	20.1744	7.2692	56.9680	7.3038	54.7589	38.2885	50.9868	23.4330	26.1084	36.6119	27.1121	45.3196	25.2855	35.8348	45.5424	25.6187	26.9863	35.5521	27.3931	8.6568	23.6729	36.3460	23.2175	27.9502	38.0344	52.0139	8.5198	8.6568	8.6568	26.9592	28.5874	25.1707	8.6568	26.8994	31.2327	27.5319	49.7036	45.6646	8.6081	6.6583	57.6821	18.6782	18.4481	29.9975	24.1851	26.3813	39.6971	39.3437	54.2199	61.4901	27.0243	18.1661	24.3940	28.7742	34.6990	29.7439	37.7537	39.9658	8.6568	29.1631	30.2814	8.5682	47.4919	51.7421	47.6558	8.5581	32.9423	23.2784	8.5257	33.6538	8.5860	28.9852	82.2050	47.5146	60.5050	39.1150	8.6568	45.9024	31.2827	8.6724	30.2350	32.7735	52.9373	8.5083	7.6453	49.0869	42.3754	33.6127	15.6845	23.8547	21.3770	30.2235	7.6594	52.8374	8.6025	41.3334	0.6101	8.5361	16.3869	41.0882	18.3993	18.6745	29.0168	25.0676	27.3372	27.9960	0.8484	59.5911	24.1635	45.8311
29.8146	42.3389	19.6641	64.8991	24.1073	50.7701	32.0487	84.4074	84.5476	68.6236	48.9729	41.5202	37.3588	75.9702	0.0000	50.9662	15.6737	25.1074	84.4607	84.3190	31.9869	32.7320	29.0278	84.5093	47.7269	81.1849	84.3147	79.1813	78.6609	67.4032	27.7446	83.5945	84.2707	72.5523	50.7058	27.9036	79.7576	25.1994	17.7545	61.7778	84.2651	53.7725	23.4675	84.2404	57.4866	56.3624	60.7267	29.5666	84.6095	84.4766	84.5197	84.5722	84.5523	76.6293	62.4283	84.5742	81.6076	61.4189	24.6027	67.2326	82.4933	47.9791	59.4161	66.8746	62.5143	84.5650	54.8929	52.8079	84.5069	84.6218	82.6614	42.2648	75.4097	32.0547	45.4305	84.6218	36.3914	39.5514	17.8555	56.2786	83.7725	25.6963	16.2806	54.6507	18.4356	84.5583	45.1311	29.7311	56.8332	69.1436	23.0483	83.2460	27.2298	39.1721	35.1769	53.0098	50.3331	41.0449	49.9282	32.0989	51.8173	41.9003	32.2312	51.1625	48.9995	41.7857	49.7403	84.6218	53.2121	40.8666	52.9279	49.2182	38.9291	24.2796	84.3893	84.6218	84.6218	50.2314	48.7689	51.9478	84.6218	50.2851	46.3667	49.9269	36.8779	33.7986	84.5599	70.0723	21.1353	57.9538	57.5602	46.4528	52.3282	49.9731	37.1449	36.6396	23.1259	30.6175	49.9687	58.4489	60.5293	47.2996	41.7817	47.0112	38.9756	47.1043	84.6218	55.7451	46.8991	84.4986	29.4545	27.9242	46.9277	84.4804	43.1149	67.8328	84.4074	42.9926	84.5276	49.3613	13.8122	31.5574	17.9224	38.6246	84.6218	32.3547	44.8439	83.9513	45.8412	43.3759	25.2429	84.3420	68.5959	28.3183	45.4564	42.5881	60.3393	52.4112	55.0220	46.9444	68.9047	27.5882	84.5521	34.6765	75.3621	84.1299	59.6215	35.6571	66.5312	68.1817	51.6052	50.9062	48.6331	48.1984	76.7091	21.2514	51.8515	30.9536
32.9512	28.8198	32.9969	29.8125	40.0109	28.0311	37.9432	43.9653	44.4057	33.9632	29.5571	22.8141	28.6311	37.5443	50.9662	0.0000	47.3613	44.0536	44.1340	43.6822	20.0634	20.6365	30.0878	44.2864	25.0238	39.1736	43.6686	40.3139	39.2172	31.5470	40.8363	43.1097	43.5260	35.5809	28.0143	32.2222	39.8970	37.9724	57.7341	31.3516	43.5075	13.3665	42.1771	43.4270	6.8342	24.1025	21.7304	30.0686	44.5972	44.1841	44.3189	44.4819	44.4202	38.1368	24.7122	44.4882	42.0931	30.7118	42.0265	31.7171	42.7585	29.8078	30.1052	31.5730	27.2296	44.4597	28.4284	28.9966	44.2790	44.6348	36.5331	21.3523	37.6600	23.2642	27.3456	44.6348	15.0648	31.1317	53.2387	29.3264	41.8201	40.8420	49.9407	22.8650	43.9857	44.4389	27.8481	38.8897	29.8732	33.9788	42.2833	43.2643	24.0378	16.5242	16.9650	27.1924	26.7265	30.8885	28.6997	33.0654	29.0731	30.9212	33.8713	28.0573	23.3051	29.9291	28.9437	44.6348	28.6974	29.7531	25.7171	29.0066	17.7856	33.6012	43.9077	44.6348	44.6348	29.1344	29.4807	29.1324	44.6348	29.1228	30.1014	29.7894	15.2441	17.7277	44.4439	31.0105	29.8311	29.2248	26.1671	26.5302	27.3258	26.2979	29.5575	23.5103	37.4003	26.5731	16.8255	22.0313	13.6100	24.3182	27.0783	27.6966	28.6530	3.9086	44.6348	8.4005	28.9999	44.2529	32.9766	39.3783	10.1139	44.1958	24.3053	19.0019	43.9653	27.5674	44.3434	13.3995	61.9617	36.7919	42.5805	31.6427	44.6348	19.7698	19.9783	42.4537	24.3153	25.0615	26.0057	43.7565	33.2743	23.8757	6.0467	25.5084	27.6307	26.2800	27.5221	28.9640	34.1225	40.7398	44.4196	26.0763	37.0861	43.0618	27.1193	19.9500	20.5663	21.4537	10.3430	23.2624	22.5792	25.2716	38.3866	30.0802	21.9800	31.7675
18.0592	30.5214	24.4783	54.1531	10.3753	39.1778	18.1168	73.6814	73.7274	57.4100	36.9515	31.6231	25.9779	65.1560	15.6737	47.3613	0.0000	9.8443	73.6984	73.6547	27.3463	26.8145	18.9862	73.7144	36.8444	71.1041	73.6535	68.2877	67.9578	56.5985	13.2239	72.9211	73.6409	61.5960	39.1153	17.1029	69.1085	12.2046	10.3811	50.2637	73.6393	46.2252	8.8989	73.6326	53.0170	46.0678	51.5329	19.3256	73.7490	73.7036	73.7179	73.7359	73.7290	65.7900	52.6563	73.7366	70.7580	50.0129	9.9575	56.3581	71.6592	35.8721	47.9394	55.9810	52.0920	73.7334	43.4261	41.0788	73.7136	73.7534	74.0121	32.7701	64.4525	24.6815	33.9408	73.7534	32.3992	27.1944	6.0664	44.7035	73.5390	11.3589	2.6419	44.5478	4.0906	73.7310	33.5101	15.6704	45.1761	58.0081	8.4954	72.4439	27.3610	32.2808	34.9671	41.7237	39.0487	28.6932	38.1436	19.8365	40.0195	29.5139	19.6424	39.5793	38.5817	29.6760	37.8904	73.7534	41.5760	28.8450	42.0012	37.3372	31.5233	14.3402	73.6758	73.7534	73.7534	38.3523	36.7604	40.1423	73.7534	38.4108	34.1617	37.8805	36.3165	29.7968	73.7316	59.8758	21.0084	46.5436	46.8508	35.1717	40.9748	38.7867	25.4713	27.3582	11.1784	35.1002	41.3561	48.8911	53.8714	36.6112	30.5013	35.4218	27.4175	43.8942	73.7534	49.9283	34.9753	73.7108	17.7782	13.8656	46.5034	73.7048	32.5907	61.3561	73.6814	31.5065	73.7206	41.7664	17.0534	18.0211	4.9663	26.1678	73.7534	27.6195	35.5317	73.5661	35.1820	32.6059	22.5675	73.6615	57.5474	23.6196	42.9620	31.7319	49.5509	41.3191	43.7802	35.0301	57.6961	13.1084	73.7289	24.7847	64.5481	73.6042	48.8807	28.4396	58.8754	60.6867	44.8684	40.5293	38.4126	37.2504	65.8190	23.1742	41.8415	19.4596
11.4461	22.4048	28.7226	46.0306	4.3004	30.8737	9.0601	65.3380	65.3347	48.9745	28.4360	24.9001	18.5350	56.8465	25.1074	44.0536	9.8443	0.0000	65.3360	65.3437	25.1634	23.7587	13.9674	65.3349	29.0993	63.1294	65.3441	59.9042	59.6788	48.4032	4.0745	64.6116	65.3481	53.2497	30.8141	11.8314	60.8469	6.1317	17.3292	41.7638	65.3487	40.3490	2.5873	65.3514	48.8865	38.3959	44.4084	14.0165	65.3353	65.3355	65.3348	65.3348	65.3347	57.4604	45.1454	65.3348	62.3751	41.5790	2.1222	48.1268	63.2766	27.3337	39.5013	47.7444	44.1987	65.3348	35.0884	32.6361	65.3350	65.3356	66.8060	26.2677	56.0737	20.8334	25.8962	65.3356	29.9930	18.8534	12.4386	36.2712	65.4574	3.2320	10.7319	37.0439	6.7160	65.3347	25.3915	6.7497	36.6851	49.6079	2.8244	64.0713	28.4235	27.7853	34.8145	33.5427	30.9495	20.2720	29.7460	12.3171	31.5611	21.0259	11.8101	31.2693	31.0842	21.3853	29.4580	65.3356	33.1788	20.6670	34.0424	28.9013	26.7185	11.1653	65.3390	65.3356	65.3356	29.8878	28.2591	31.6758	65.3356	29.9476	25.6140	29.3225	35.8026	27.7113	65.3347	51.9787	23.2395	38.1718	38.8984	27.2203	32.7720	30.7611	17.8251	21.5347	7.4522	37.7911	34.9772	41.6083	48.2947	29.0115	22.7926	27.2464	19.7038	41.0457	65.3356	45.0432	26.5888	65.3351	11.3245	5.2999	45.3112	65.3355	25.3240	55.6819	65.3380	23.5840	65.3348	36.0680	26.1273	9.3932	7.6436	17.8116	65.3356	25.3235	28.9766	65.4031	27.6709	25.1543	22.7396	65.3420	49.2014	22.0896	40.6473	24.2689	41.4897	33.2740	35.5731	26.6480	49.2598	4.0491	65.3347	18.7755	56.2454	65.3665	40.8624	24.1386	52.5271	54.3956	39.5977	32.9825	31.0585	29.4433	57.4617	26.1028	34.4915	12.8200
55.7307	43.1841	71.7096	19.6220	63.3764	34.5449	56.2769	0.2537	0.4061	16.3623	36.9039	42.9483	47.7905	8.5481	84.4607	44.1340	73.6984	65.3360	0.0000	0.6823	54.4461	52.8302	55.6549	0.2281	36.9789	5.3843	0.7030	5.4320	5.8000	17.1376	61.2856	1.0254	0.9204	12.1062	34.6066	57.1158	4.7206	61.4938	82.6560	23.5768	0.9486	33.2791	65.1426	1.0719	38.8399	28.0984	24.6087	55.1658	0.6905	0.0751	0.2768	0.5195	0.4278	7.9089	22.3414	0.5289	2.9649	23.7589	64.2702	17.3554	2.0679	38.0047	25.8377	17.7290	21.9466	0.4865	30.2990	32.7116	0.2172	0.7463	13.5394	42.2101	9.2638	52.6887	39.7585	0.7463	51.8641	46.5941	77.7288	29.0730	3.6016	62.7512	75.5015	29.8188	69.6102	0.4556	40.1899	58.6157	28.6509	15.7296	65.4946	1.2677	62.7549	46.4776	58.5478	31.9747	34.6532	45.1262	35.6247	53.8619	33.7846	44.3421	54.0782	34.1444	35.5049	44.0771	35.9000	0.7463	32.1832	44.8780	31.7643	36.4571	46.2996	60.5489	0.3407	0.7463	0.7463	35.4596	37.0834	33.6678	0.7463	35.4000	39.7257	36.0135	57.1778	53.7040	0.4630	14.5722	65.9340	27.1909	26.9832	38.5446	32.7243	34.9286	48.2433	47.8226	62.7679	69.0398	35.1878	26.3470	30.5793	37.3121	43.2470	38.2809	46.3003	46.9171	0.7463	35.7620	38.7970	0.1781	56.0400	60.2539	54.1988	0.0927	41.4748	27.6332	0.2537	42.1992	0.3134	36.8808	90.7487	56.0227	69.0526	47.6348	0.7463	54.0715	39.6977	2.5871	38.7721	41.3152	61.1866	0.5695	16.1588	57.3737	49.3665	42.1566	24.2260	32.4026	29.9181	38.7397	16.0774	61.3366	0.4268	49.8509	9.1576	1.6347	24.9241	49.4071	23.8524	23.5111	36.4594	33.5781	35.8379	36.5425	7.8833	67.7488	32.6174	54.3791
55.6688	43.1506	71.4429	19.5354	63.3437	34.5234	56.2869	0.4286	1.0884	16.3869	36.9078	42.8180	47.7267	8.5050	84.3190	43.6822	73.6547	65.3437	0.6823	0.0000	54.1990	52.6070	55.5496	0.9104	36.8989	4.7847	0.0207	5.4860	5.6996	17.0647	61.2889	0.7337	0.2381	12.0943	34.5847	57.0291	4.5678	61.4504	82.6579	23.6016	0.2663	32.9421	65.1234	0.3896	38.3373	27.9623	24.3265	55.0649	1.3728	0.7574	0.9591	1.2018	1.1101	7.8838	22.1127	1.2112	3.0804	23.7660	64.2588	17.2971	2.2389	38.0100	25.8428	17.6738	21.8101	1.1688	30.2818	32.7100	0.8995	1.4286	12.8571	42.0587	9.2817	52.5063	39.7143	1.4286	51.5659	46.5780	77.7258	29.0731	2.9193	62.7385	75.4754	29.6688	69.5653	1.1379	40.1530	58.6170	28.6627	15.7403	65.4729	1.4839	62.4676	46.2376	58.1922	31.9342	34.6060	45.1156	35.6152	53.8189	33.7843	44.3369	54.0458	34.1236	35.3922	44.0571	35.8946	1.4286	32.1751	44.8505	31.6914	36.4518	46.0789	60.4478	0.3416	1.4286	1.4286	35.4587	37.0855	33.6688	1.4286	35.3989	39.7299	36.0240	56.8112	53.4283	1.1453	14.3474	65.7033	27.1806	26.8907	38.4894	32.6878	34.8730	48.1909	47.6794	62.7014	68.6790	34.9495	26.1236	30.1119	37.2189	43.1845	38.2472	46.2465	46.4969	1.4286	35.3200	38.7852	0.8604	55.9754	60.2457	53.7362	0.7750	41.3736	27.0616	0.4286	42.1496	0.9957	36.5897	90.7017	56.0173	68.9924	47.6197	1.4286	53.8236	39.5279	1.9048	38.6774	41.2271	60.9565	0.1128	16.1450	57.1550	48.9487	42.0730	24.1438	32.3436	29.8789	38.7274	16.1034	61.3378	1.1091	49.7331	9.1106	0.9524	24.8354	49.2003	23.3513	22.9749	36.1037	33.4598	35.7120	36.4673	7.8863	67.4943	32.4681	54.3115
15.3980	19.0986	17.3609	35.6367	20.9050	24.6041	21.2595	54.3533	54.5968	39.8161	24.1687	14.3142	15.5183	46.2731	31.9869	20.0634	27.3463	25.1634	54.4461	54.1990	0.0000	2.5640	11.9024	54.5304	20.7366	50.5536	54.1916	49.4723	48.7399	38.0759	22.6314	53.5024	54.1145	43.1760	24.5488	13.7931	49.7419	19.0603	37.7015	33.9711	54.1045	22.0957	22.9763	54.0612	26.0430	27.1137	29.9249	12.1546	54.7038	54.4738	54.5485	54.6393	54.6049	46.9395	32.1126	54.6428	51.7711	33.4540	23.0505	38.0111	52.6132	23.6307	31.7742	37.7005	32.9651	54.6269	27.7841	26.5607	54.5263	54.7249	51.0454	14.0673	45.9156	5.6128	20.3269	54.7249	5.0561	19.0153	33.2851	29.1926	53.2274	22.1094	29.9470	25.2971	24.1186	54.6153	20.4235	21.3335	29.8364	40.1896	23.0064	53.3082	9.0895	7.9851	10.7737	25.8292	23.6107	19.7644	24.3575	16.5789	25.8967	20.3347	17.4338	24.9019	20.8956	19.5273	24.3587	54.7249	26.7006	18.7854	25.0921	24.0257	8.3919	14.1152	54.3218	54.7249	54.7249	24.8100	23.9830	26.0200	54.7249	24.8414	22.7139	24.9616	11.2393	2.5537	54.6180	39.8774	11.5999	30.3498	28.8128	20.5964	25.3888	23.1226	16.1774	10.4287	17.9743	18.4689	19.2640	28.1231	28.5483	20.0263	17.4592	21.6930	16.6459	16.5479	54.7249	23.7957	22.3945	54.5119	15.2664	21.2446	20.1611	54.4803	16.6333	35.8505	54.3533	18.6891	54.5621	17.8651	42.0774	19.9711	22.6465	18.8643	54.7249	0.3808	15.7147	53.5490	18.8543	17.3247	6.9208	54.2393	39.5455	3.8424	15.7220	16.9926	31.4641	24.9552	27.4681	22.4043	40.0732	22.4936	54.6045	11.1999	45.6869	53.8666	30.7347	5.9798	34.6951	36.2901	19.6866	22.4247	20.2565	21.2349	47.0803	13.3180	22.6738	14.6985
13.4347	16.5442	19.3180	33.7940	19.5791	22.2545	19.1859	52.7463	52.9668	37.9137	21.7164	11.9034	12.9777	44.5645	32.7320	20.6365	26.8145	23.7587	52.8302	52.6070	2.5640	0.0000	10.0653	52.9066	18.4183	49.0882	52.6003	47.7764	47.0878	36.2588	20.9538	51.9022	52.5310	41.3911	22.1978	12.0889	48.1142	17.6270	37.1953	31.8845	52.5220	21.0477	21.7105	52.4831	26.2164	25.2081	28.4489	10.2285	53.0640	52.8552	52.9230	53.0054	52.9741	45.2316	30.4943	53.0086	50.1088	31.3853	21.6731	36.1733	50.9627	21.1490	29.6500	35.8522	31.1648	52.9941	25.5612	24.2386	52.9029	53.0833	49.9811	11.7756	44.1642	3.2971	17.8517	53.0833	6.2973	16.4687	32.6294	26.9801	51.7428	20.6199	29.3641	23.3961	23.3566	52.9836	17.9284	19.4560	27.6196	38.3141	21.7826	51.6722	11.4781	6.4908	13.1735	23.5949	21.3020	17.2029	21.9574	14.3984	23.5398	17.7708	15.2593	22.5639	18.7201	16.9639	21.9451	53.0833	24.4046	16.2215	22.9318	21.5960	6.5322	12.9907	52.7177	53.0833	53.0833	22.4038	21.5279	23.6648	53.0833	22.4371	20.1951	22.5265	13.4876	4.4693	52.9861	38.2615	13.1178	28.2094	26.8289	18.1739	23.1229	20.8212	13.6547	7.8717	16.8225	21.0186	17.6792	26.4843	27.9364	17.7289	14.9192	19.2464	14.0857	17.3782	53.0833	23.4658	19.9091	52.8897	13.3447	19.5316	21.8494	52.8611	14.2009	35.3456	52.7463	16.1596	52.9353	16.6697	42.1527	17.9084	21.9763	16.3396	53.0833	2.3975	13.6293	52.0262	16.5070	14.8701	8.3754	52.6433	37.6839	4.5618	16.8888	14.5033	29.5232	22.7441	25.2955	19.9207	38.1762	20.8283	52.9738	8.6903	43.9717	52.3087	28.7905	3.6530	33.8002	35.4617	18.9295	20.3291	18.1137	18.9207	45.3602	15.1883	20.7083	12.6004
3.5616	13.4708	22.2700	36.0370	10.0232	21.7513	9.4947	55.6148	55.7214	39.6497	20.0615	12.8487	8.4543	47.1237	29.0278	30.0878	18.9862	13.9674	55.6549	55.5496	11.9024	10.0653	0.0000	55.6919	18.7403	52.6751	55.5465	50.3175	49.8615	38.5317	10.9087	54.8197	55.5148	43.6513	21.6870	2.1403	50.9819	7.9298	29.0839	32.7535	55.5107	27.2788	12.2053	55.4932	35.0011	27.6323	32.6962	0.6017	55.7697	55.6670	55.6999	55.7405	55.7250	47.7763	34.0150	55.7421	52.7643	32.4020	11.9607	38.3387	53.6574	19.1163	30.3915	37.9737	33.7643	55.7349	25.8653	23.7977	55.6901	55.7793	55.1292	13.8735	46.5164	6.9412	16.4222	55.7793	16.3618	11.2199	24.2337	27.2511	55.1922	10.7547	21.2720	26.0014	15.0444	55.7297	16.1495	9.4336	27.8079	40.1873	12.3626	54.4230	17.8807	13.8872	22.4322	23.9884	21.3075	12.5922	20.9418	5.3266	22.8219	13.4236	6.0805	22.1419	20.1603	13.1012	20.7698	55.7793	24.1910	12.1655	23.9596	20.2603	12.9068	4.9090	55.6013	55.7793	55.7793	21.2639	19.8557	22.9531	55.7793	21.3160	17.5853	21.0120	23.0852	14.3462	55.7310	41.4625	15.3592	28.9314	28.6757	17.4251	23.3020	20.9532	8.4180	8.3749	7.8922	28.0536	22.3783	30.1483	35.0259	18.3555	12.7681	18.0084	10.0921	27.1319	55.7793	31.3836	17.9826	55.6837	3.3846	9.4755	31.9059	55.6698	14.1814	42.4970	55.6148	14.0038	55.7060	22.8442	35.6503	8.2057	14.0390	10.4979	55.7793	11.9738	16.6181	55.2992	16.8936	14.3833	12.2889	55.5664	39.6586	9.8024	26.8605	13.5765	31.4436	23.4100	26.0091	18.0238	39.9324	10.7899	55.7249	5.8911	46.5138	55.4164	30.7373	10.1805	39.8910	41.7063	26.1065	22.0996	19.8753	19.2023	47.8399	18.3870	23.2289	3.3054
55.7533	43.1977	71.7999	19.6561	63.3890	34.5550	56.2755	0.4819	0.1780	16.3605	36.9054	42.9942	47.8140	8.5746	84.5093	44.2864	73.7144	65.3349	0.2281	0.9104	54.5304	52.9066	55.6919	0.0000	37.0084	5.5890	0.9311	5.4330	5.8510	17.1680	61.2862	1.1961	1.1485	12.1187	34.6169	57.1465	4.7923	61.5100	82.6567	23.5729	1.1768	33.3941	65.1506	1.3000	39.0091	28.1474	24.7065	55.2014	0.4624	0.1530	0.0487	0.2914	0.1997	7.9304	22.4220	0.3007	2.9606	23.7609	64.2757	17.3808	2.0586	38.0056	25.8400	17.7533	21.9967	0.2584	30.3082	32.7153	0.0110	0.5181	13.7676	42.2631	9.2690	52.7516	39.7758	0.5181	51.9655	46.6017	77.7311	29.0766	3.8297	62.7571	75.5117	29.8723	69.6267	0.2274	40.2048	58.6171	28.6506	15.7326	65.5034	1.2712	62.8523	46.5598	58.6680	31.9915	34.6719	45.1320	35.6308	53.8782	33.7877	44.3462	54.0910	34.1544	35.5454	44.0861	35.9047	0.5181	32.1892	44.8895	31.7919	36.4617	46.3754	60.5844	0.5688	0.5181	0.5181	35.4628	37.0855	33.6705	0.5181	35.4033	39.7269	36.0129	57.3016	53.7978	0.2348	14.6536	66.0125	27.1982	27.0179	38.5657	32.7396	34.9501	48.2629	47.8726	62.7918	69.1615	35.2700	26.4252	30.7374	37.3459	43.2702	38.2949	46.3205	47.0589	0.5181	35.9115	38.8037	0.0500	56.0634	60.2584	54.3546	0.1355	41.5110	27.8255	0.4819	42.2183	0.0852	36.9805	90.7655	56.0264	69.0742	47.6420	0.5181	54.1560	39.7569	2.8152	38.8064	41.3471	61.2651	0.7977	16.1698	57.4485	49.5075	42.1870	24.2577	32.4255	29.9347	38.7465	16.0752	61.3379	0.1986	49.8922	9.1845	1.8628	24.9579	49.4781	24.0219	23.6921	36.5804	33.6206	35.8828	36.5705	7.8955	67.8353	32.6704	54.4036
18.8004	6.8021	37.5695	17.3635	26.6358	3.9042	20.2595	36.9477	37.0325	20.9098	4.5537	6.6433	10.8666	28.4339	47.7269	25.0238	36.8444	29.0993	36.9789	36.8989	20.7366	18.4183	18.7403	37.0084	0.0000	34.2615	36.8966	31.6122	31.2006	19.8413	25.0344	36.1666	36.8738	24.9318	3.8536	20.1390	32.3364	24.6680	46.1989	14.1020	36.8710	14.3806	28.5341	36.8587	26.3080	9.3023	15.5244	18.2304	37.0725	36.9885	37.0149	37.0482	37.0354	29.0811	16.0482	37.0495	34.0685	13.7115	27.7635	19.6311	34.9651	4.8163	11.7517	19.2618	15.2485	37.0436	7.3312	5.8245	37.0070	37.0807	37.7379	6.6708	27.7984	17.0483	3.4535	37.0807	20.7478	10.4051	41.2374	8.7604	36.6979	26.2420	38.7771	7.9789	32.7552	37.0393	4.0540	22.3783	9.3730	21.4479	28.8562	35.7377	29.8260	13.7234	29.2050	5.3705	2.8858	9.1826	3.9802	17.0765	5.2051	8.6337	17.4071	4.1753	2.2991	7.9677	4.1277	37.0807	5.9937	8.5261	5.2238	4.0584	12.7205	23.6061	36.9374	37.0807	37.0807	4.4569	4.4641	5.3222	37.0807	4.4674	5.5001	4.9354	28.6464	21.2415	37.0403	23.0374	30.9679	10.2792	10.0195	2.0983	4.7847	2.4159	11.4088	11.5085	25.8142	38.7631	8.7868	12.6335	21.9813	0.7872	6.3617	2.8867	9.4703	24.4265	37.0807	21.0152	4.2211	37.0018	19.0978	23.8362	32.3971	36.9907	4.6485	28.6073	36.9477	5.5258	37.0198	11.8576	53.8610	19.7223	32.1183	11.4133	37.0807	20.4315	5.7710	36.7416	1.9639	4.3570	26.4119	36.9112	20.9246	22.4714	25.8586	5.1803	12.7551	4.6903	7.3181	4.1709	21.1924	25.0509	37.0353	13.0742	27.8239	36.8080	12.0660	14.7849	24.4140	26.3053	15.6608	3.9573	2.7345	0.5061	29.1342	33.3990	5.6633	17.4263
